202.0 +0.0 0.0214
202.0 +1.0 0.0226
202.0 +2.0 0.0239
202.0 +3.0 0.0199
202.0 +4.0 0.0234
202.0 +5.0 0.0246
202.0 +6.0 0.022
202.0 +7.0 0.0238
202.0 +8.0 0.0197
202.0 +9.0 0.0167
202.0 +10.0 0.0272
202.0 +11.0 0.0323
202.0 +12.0 0.0342
202.0 +13.0 0.0189
202.0 +14.0 0.0235
202.0 +15.0 0.0238
202.0 +16.0 0.0244
202.0 +17.0 0.0138
202.0 +18.0 0.021
202.0 +19.0 0.0191
202.0 +20.0 0.0156
202.0 +21.0 0.0158
202.0 +22.0 0.0158
202.0 +23.0 0.018
202.0 +24.0 0.0134
202.0 +25.0 0.0091
202.0 +26.0 0.0123
202.0 +27.0 0.0103
202.0 +28.0 0.0146
202.0 +29.0 0.012
202.0 +30.0 0.0104
202.0 +31.0 0.0101
202.0 +32.0 0.0101
202.0 +33.0 0.0075
202.0 +34.0 0.0113
202.0 +35.0 0.0104
202.0 +36.0 0.0085
202.0 +37.0 0.0077
202.0 +38.0 0.0075
202.0 +39.0 0.0074
202.0 +40.0 0.0081
202.0 +41.0 0.0063
202.0 +42.0 0.0126
202.0 +43.0 0.0104
202.0 +44.0 0.014
202.0 +45.0 0.0137
202.0 +46.0 0.0215
202.0 +47.0 0.0211
202.0 +48.0 0.008
202.0 +49.0 0.0076
202.0 +50.0 0.0073
202.0 +51.0 0.0079
202.0 +52.0 0.0108
202.0 +53.0 0.0096
202.0 +54.0 0.0092
202.0 +55.0 0.0127
202.0 +56.0 0.0107
202.0 +57.0 0.0089
202.0 +58.0 0.0082
202.0 +59.0 0.0101
202.0 +60.0 0.0157
202.0 +61.0 0.0087
202.0 +62.0 0.0134
202.0 +63.0 0.0225
202.0 +64.0 0.0148
202.0 +65.0 0.0191
202.0 +66.0 0.0197
202.0 +67.0 0.0117
202.0 +68.0 0.0126
202.0 +69.0 0.0154
202.0 +70.0 0.0116
202.0 +71.0 0.0088
202.0 +72.0 0.0136
202.0 +73.0 0.0121
202.0 +74.0 0.014
202.0 +75.0 0.024
202.0 +76.0 0.0277
202.0 +77.0 0.0223
202.0 +78.0 0.0228
202.0 +79.0 0.0297
202.0 +80.0 0.0281
202.0 +81.0 0.0366
202.0 +82.0 0.0651
202.0 +83.0 0.078
202.0 +84.0 0.1241
202.0 +85.0 0.1154
202.0 +86.0 0.1587
202.0 +87.0 0.1499
202.0 +88.0 0.1213
202.0 +89.0 0.1412
202.0 +90.0 0.2149
203.0 +0.0 0.0234
203.0 +1.0 0.0238
203.0 +2.0 0.0201
203.0 +3.0 0.0242
203.0 +4.0 0.0242
203.0 +5.0 0.0261
203.0 +6.0 0.0252
203.0 +7.0 0.0268
203.0 +8.0 0.0213
203.0 +9.0 0.0237
203.0 +10.0 0.0272
203.0 +11.0 0.0281
203.0 +12.0 0.0217
203.0 +13.0 0.0209
203.0 +14.0 0.0208
203.0 +15.0 0.0169
203.0 +16.0 0.0232
203.0 +17.0 0.0152
203.0 +18.0 0.0182
203.0 +19.0 0.0159
203.0 +20.0 0.0228
203.0 +21.0 0.0164
203.0 +22.0 0.0117
203.0 +23.0 0.0171
203.0 +24.0 0.0132
203.0 +25.0 0.0107
203.0 +26.0 0.0079
203.0 +27.0 0.0092
203.0 +28.0 0.0083
203.0 +29.0 0.0079
203.0 +30.0 0.0113
203.0 +31.0 0.0118
203.0 +32.0 0.0084
203.0 +33.0 0.011
203.0 +34.0 0.01
203.0 +35.0 0.0088
203.0 +36.0 0.0113
203.0 +37.0 0.0087
203.0 +38.0 0.0069
203.0 +39.0 0.0053
203.0 +40.0 0.0075
203.0 +41.0 0.0076
203.0 +42.0 0.0079
203.0 +43.0 0.008
203.0 +44.0 0.0167
203.0 +45.0 0.013
203.0 +46.0 0.0156
203.0 +47.0 0.0174
203.0 +48.0 0.0095
203.0 +49.0 0.0061
203.0 +50.0 0.0061
203.0 +51.0 0.0092
203.0 +52.0 0.0071
203.0 +53.0 0.0119
203.0 +54.0 0.0137
203.0 +55.0 0.0087
203.0 +56.0 0.0111
203.0 +57.0 0.0072
203.0 +58.0 0.0102
203.0 +59.0 0.0097
203.0 +60.0 0.0139
203.0 +61.0 0.0123
203.0 +62.0 0.0108
203.0 +63.0 0.0205
203.0 +64.0 0.0212
203.0 +65.0 0.0158
203.0 +66.0 0.0192
203.0 +67.0 0.0147
203.0 +68.0 0.0134
203.0 +69.0 0.0162
203.0 +70.0 0.0145
203.0 +71.0 0.0117
203.0 +72.0 0.0148
203.0 +73.0 0.0115
203.0 +74.0 0.0155
203.0 +75.0 0.0249
203.0 +76.0 0.0271
203.0 +77.0 0.0233
203.0 +78.0 0.0237
203.0 +79.0 0.0286
203.0 +80.0 0.0272
203.0 +81.0 0.0345
203.0 +82.0 0.071
203.0 +83.0 0.0713
203.0 +84.0 0.1228
203.0 +85.0 0.1095
203.0 +86.0 0.1465
203.0 +87.0 0.145
203.0 +88.0 0.1335
203.0 +89.0 0.1394
203.0 +90.0 0.2149
204.0 +0.0 0.0235
204.0 +1.0 0.0205
204.0 +2.0 0.022
204.0 +3.0 0.0205
204.0 +4.0 0.0227
204.0 +5.0 0.024
204.0 +6.0 0.0295
204.0 +7.0 0.0274
204.0 +8.0 0.0309
204.0 +9.0 0.0186
204.0 +10.0 0.0231
204.0 +11.0 0.025
204.0 +12.0 0.0238
204.0 +13.0 0.0219
204.0 +14.0 0.0258
204.0 +15.0 0.019
204.0 +16.0 0.018
204.0 +17.0 0.0224
204.0 +18.0 0.0173
204.0 +19.0 0.0158
204.0 +20.0 0.0177
204.0 +21.0 0.0168
204.0 +22.0 0.0109
204.0 +23.0 0.0145
204.0 +24.0 0.0102
204.0 +25.0 0.0084
204.0 +26.0 0.0078
204.0 +27.0 0.0114
204.0 +28.0 0.0113
204.0 +29.0 0.0102
204.0 +30.0 0.0106
204.0 +31.0 0.0156
204.0 +32.0 0.0115
204.0 +33.0 0.0105
204.0 +34.0 0.0099
204.0 +35.0 0.0109
204.0