184.0 -90.0 9.68e+20
184.0 -89.0 9.09e+20
184.0 -88.0 9.99e+20
184.0 -87.0 9.69e+20
184.0 -86.0 8.09e+20
184.0 -85.0 7.52e+20
184.0 -84.0 8.88e+20
184.0 -83.0 8.9e+20
184.0 -82.0 8.15e+20
184.0 -81.0 7.84e+20
184.0 -80.0 8.77e+20
184.0 -79.0 8.38e+20
184.0 -78.0 8.42e+20
184.0 -77.0 9.46e+20
184.0 -76.0 9.84e+20
184.0 -75.0 1.07e+21
184.0 -74.0 1.18e+21
184.0 -73.0 1.36e+21
184.0 -72.0 1.3e+21
184.0 -71.0 1.33e+21
184.0 -70.0 1.58e+21
184.0 -69.0 2.28e+21
184.0 -68.0 3.02e+21
184.0 -67.0 4.15e+21
184.0 -66.0 5.48e+21
184.0 -65.0 7.46e+21
184.0 -64.0 1.1e+22
184.0 -63.0 1.36e+22
184.0 -62.0 1.26e+22
184.0 -61.0 8.49e+21
184.0 -60.0 6.26e+21
184.0 -59.0 4.74e+21
184.0 -58.0 3.38e+21
184.0 -57.0 2.77e+21
184.0 -56.0 2.33e+21
184.0 -55.0 1.79e+21
184.0 -54.0 1.41e+21
184.0 -53.0 1.15e+21
184.0 -52.0 1.19e+21
184.0 -51.0 1.1e+21
184.0 -50.0 1.03e+21
184.0 -49.0 8.95e+20
184.0 -48.0 7.53e+20
184.0 -47.0 7.28e+20
184.0 -46.0 8.71e+20
184.0 -45.0 1.04e+21
184.0 -44.0 1.03e+21
184.0 -43.0 9.84e+20
184.0 -42.0 1.02e+21
184.0 -41.0 9.22e+20
184.0 -40.0 7.97e+20
184.0 -39.0 7.49e+20
184.0 -38.0 7.78e+20
184.0 -37.0 7.78e+20
184.0 -36.0 6.67e+20
184.0 -35.0 5.78e+20
184.0 -34.0 5.41e+20
184.0 -33.0 5.34e+20
184.0 -32.0 5.22e+20
184.0 -31.0 4.93e+20
184.0 -30.0 5.09e+20
184.0 -29.0 5.25e+20
184.0 -28.0 5.84e+20
184.0 -27.0 6.38e+20
184.0 -26.0 7.04e+20
184.0 -25.0 7.89e+20
184.0 -24.0 7.83e+20
184.0 -23.0 6.48e+20
184.0 -22.0 4.75e+20
184.0 -21.0 3.91e+20
184.0 -20.0 3.58e+20
184.0 -19.0 3.59e+20
184.0 -18.0 3.95e+20
184.0 -17.0 4.04e+20
184.0 -16.0 3.76e+20
184.0 -15.0 3.69e+20
184.0 -14.0 3.86e+20
184.0 -13.0 3.7e+20
184.0 -12.0 3.39e+20
184.0 -11.0 3.78e+20
184.0 -10.0 4.07e+20
184.0 -9.0 4.27e+20
184.0 -8.0 3.62e+20
184.0 -7.0 3.45e+20
184.0 -6.0 3.46e+20
184.0 -5.0 3.37e+20
184.0 -4.0 2.97e+20
184.0 -3.0 2.46e+20
184.0 -2.0 2.1e+20
184.0 -1.0 2.02e+20
184.0 0.0 1.91e+20
184.0 1.0 2.05e+20
184.0 2.0 2.03e+20
184.0 3.0 1.85e+20
184.0 4.0 1.72e+20
184.0 5.0 1.61e+20
184.0 6.0 1.58e+20
184.0 7.0 1.4e+20
184.0 8.0 1.48e+20
184.0 9.0 1.31e+20
184.0 10.0 1.71e+20
184.0 11.0 2.2e+20
184.0 12.0 2.39e+20
184.0 13.0 2.65e+20
184.0 14.0 2.79e+20
184.0 15.0 2.83e+20
184.0 16.0 2.54e+20
184.0 17.0 2.74e+20
184.0 18.0 2.8e+20
184.0 19.0 2.48e+20
184.0 20.0 2.36e+20
184.0 21.0 2.5e+20
184.0 22.0 2.13e+20
184.0 23.0 2.11e+20
184.0 24.0 2.23e+20
184.0 25.0 2.13e+20
184.0 26.0 1.94e+20
184.0 27.0 1.67e+20
184.0 28.0 1.96e+20
184.0 29.0 1.89e+20
184.0 30.0 1.8e+20
184.0 31.0 1.46e+20
184.0 32.0 1.28e+20
184.0 33.0 1.15e+20
184.0 34.0 1.14e+20
184.0 35.0 1.15e+20
184.0 36.0 2.03e+20
184.0 37.0 1.94e+20
184.0 38.0 1.96e+20
184.0 39.0 1.79e+20
184.0 40.0 2.14e+20
184.0 41.0 2.07e+20
184.0 42.0 1.68e+20
184.0 43.0 1.37e+20
184.0 44.0 1.15e+20
184.0 45.0 9.79e+19
184.0 46.0 1.35e+20
184.0 47.0 1.71e+20
184.0 48.0 1.59e+20
184.0 49.0 2.42e+20
184.0 50.0 2.25e+20
184.0 51.0 2.01e+20
184.0 52.0 2.04e+20
184.0 53.0 1.98e+20
184.0 54.0 1.68e+20
184.0 55.0 1.39e+20
184.0 56.0 1.28e+20
184.0 57.0 1.27e+20
184.0 58.0 1.39e+20
184.0 59.0 1.47e+20
184.0 60.0 1.22e+20
184.0 61.0 1.49e+20
184.0 62.0 1.87e+20
184.0 63.0 1.99e+20
184.0 64.0 2.28e+20
184.0 65.0 2.14e+20
184.0 66.0 1.7e+20
184.0 67.0 1.49e+20
184.0 68.0 1.89e+20
184.0 69.0 2.15e+20
184.0 70.0 2.07e+20
184.0 71.0 1.66e+20
184.0 72.0 1.5e+20
184.0 73.0 1.77e+20
184.0 74.0 2.16e+20
184.0 75.0 2.62e+20
184.0 76.0 3.66e+20
184.0 77.0 4.52e+20
184.0 78.0 4.64e+20
184.0 79.0 5.08e+20
184.0 80.0 5.22e+20
184.0 81.0 5.51e+20
184.0 82.0 5.63e+20
184.0 83.0 6.02e+20
184.0 84.0 6.68e+20
184.0 85.0 7.18e+20
184.0 86.0 6.91e+20
184.0 87.0 6.88e+20
184.0 88.0 7.12e+20
184.0 89.0 6.72e+20
184.0 90.0 6.5e+20
185.0 -90.0 9.68e+20
185.0 -89.0 9.08e+20
185.0 -88.0 9.95e+20
185.0 -87.0 9.64e+20
185.0 -86.0 8.08e+20
185.0 -85.0 7.62e+20
185.0 -84.0 8.87e+20
185.0 -83.0 8.8e+20
185.0 -82.0 8.12e+20
185.0 -81.0 7.77e+20
185.0 -80.0 8.76e+20
185.0 -79.0 8.41e+20
185.0 -78.0 8.48e+20
185.0 -77.0 9.69e+20
185.0 -76.0 1e+21
185.0 -75.0 1.08e+21
185.0 -74.0 1.21e+21
185.0 -73.0 1.39e+21
185.0 -72.0 1.31e+21
185.0 -71.0 1.37e+21
185