0.0 -90.0 9.68e+20
0.0 -85.0 7.6e+20
0.0 -80.0 6.25e+20
0.0 -75.0 3.05e+20
0.0 -70.0 3.01e+20
0.0 -65.0 2.06e+20
0.0 -60.0 1.21e+20
0.0 -55.0 1.4e+20
0.0 -50.0 1.43e+20
0.0 -45.0 1.43e+20
0.0 -40.0 1.22e+20
0.0 -35.0 1.27e+20
0.0 -30.0 1.4e+20
0.0 -25.0 1.88e+20
0.0 -20.0 1.92e+20
0.0 -15.0 2.45e+20
0.0 -10.0 3e+20
0.0 -5.0 2.82e+20
0.0 0.0 2.82e+20
0.0 5.0 4.06e+20
0.0 10.0 5.35e+20
0.0 15.0 3.38e+20
0.0 20.0 3.63e+20
0.0 25.0 3.9e+20
0.0 30.0 5.15e+20
0.0 35.0 6.22e+20
0.0 40.0 7.79e+20
0.0 45.0 8.27e+20
0.0 50.0 9.85e+20
0.0 55.0 2.37e+21
0.0 60.0 5.04e+21
0.0 65.0 7.44e+21
0.0 70.0 3.78e+21
0.0 75.0 2.14e+21
0.0 80.0 1.48e+21
0.0 85.0 6.31e+20
5.0 -90.0 9.68e+20
5.0 -85.0 7.61e+20
5.0 -80.0 6.18e+20
5.0 -75.0 6.8e+20
5.0 -70.0 2.82e+20
5.0 -65.0 1.75e+20
5.0 -60.0 1.29e+20
5.0 -55.0 1.54e+20
5.0 -50.0 1.56e+20
5.0 -45.0 1.3e+20
5.0 -40.0 1.29e+20
5.0 -35.0 1.56e+20
5.0 -30.0 2.11e+20
5.0 -25.0 2.32e+20
5.0 -20.0 1.82e+20
5.0 -15.0 1.93e+20
5.0 -10.0 3.38e+20
5.0 -5.0 2.74e+20
5.0 0.0 2.79e+20
5.0 5.0 2.61e+20
5.0 10.0 6.3e+20
5.0 15.0 3.64e+20
5.0 20.0 3.45e+20
5.0 25.0 2.98e+20
5.0 30.0 5.2e+20
5.0 35.0 4.59e+20
5.0 40.0 6.41e+20
5.0 45.0 6.31e+20
5.0 50.0 1.14e+21
5.0 55.0 2.8e+21
5.0 60.0 5.56e+21
5.0 65.0 8.33e+21
5.0 70.0 3.44e+21
5.0 75.0 2.16e+21
5.0 80.0 1.57e+21
5.0 85.0 6.45e+20
10.0 -90.0 9.68e+20
10.0 -85.0 7.54e+20
10.0 -80.0 5.93e+20
10.0 -75.0 1.16e+21
10.0 -70.0 3.64e+20
10.0 -65.0 1.86e+20
10.0 -60.0 1.47e+20
10.0 -55.0 1.74e+20
10.0 -50.0 1.66e+20
10.0 -45.0 2.93e+20
10.0 -40.0 3.33e+20
10.0 -35.0 2.15e+20
10.0 -30.0 2.19e+20
10.0 -25.0 1.35e+20
10.0 -20.0 1.48e+20
10.0 -15.0 1.64e+20
10.0 -10.0 2.65e+20
10.0 -5.0 4.1e+20
10.0 0.0 2.04e+20
10.0 5.0 3.75e+20
10.0 10.0 5.33e+20
10.0 15.0 4.79e+20
10.0 20.0 3.23e+20
10.0 25.0 3.46e+20
10.0 30.0 4.84e+20
10.0 35.0 5.03e+20
10.0 40.0 6.3e+20
10.0 45.0 7.14e+20
10.0 50.0 1.41e+21
10.0 55.0 2.74e+21
10.0 60.0 3.83e+21
10.0 65.0 8.21e+21
10.0 70.0 3.01e+21
10.0 75.0 2.41e+21
10.0 80.0 1.64e+21
10.0 85.0 6.69e+20
15.0 -90.0 9.68e+20
15.0 -85.0 7.35e+20
15.0 -80.0 5.72e+20
15.0 -75.0 7.58e+20
15.0 -70.0 3.68e+20
15.0 -65.0 2.3e+20
15.0 -60.0 1.84e+20
15.0 -55.0 2.12e+20
15.0 -50.0 2.79e+20
15.0 -45.0 1.52e+20
15.0 -40.0 2.53e+20
15.0 -35.0 1.74e+20
15.0 -30.0 1.96e+20
15.0 -25.0 2.72e+20
15.0 -20.0 1.63e+20
15.0 -15.0 1.81e+20
15.0 -10.0 3.21e+20
15.0 -5.0 3.87e+20
15.0 0.0 2.94e+20
15.0 5.0 3.42e+20
15.0 10.0 4.11e+20
15.0 15.0 4.34e+20
15.0 20.0 3.12e+20
15.0 25.0 4.68e+20
15.0 30.0 6.01e+20
15.0 35.0 4.09e+20
15.0 40.0 5.17e+20
15.0 45.0 9.41e+20
15.0 50.0 1.26e+21
15.0 55.0 2.45e+21
15.0 60.0 3.84e+21
15.0 65.0 8.92e+21
15.0 70.0 2.98e+21
15.0 75.0 1.98e+21
15.0 80.0 1.61e+21
15.0 85.0 6.94e+20
20.0 -90.0 9.68e+20
20.0 -85.0 7.28e+20
20.0 -80.0 5.91e+20
20.0 -75.0 9.12e+20
20.0 -70.0 4.64e+20
20.0 -65.0 2.64e+20
20.0 -60.0 2.58e+20
20.0 -55.0 2.4e+20
20.0 -50.0 1.81e+20
20.0 -45.0 1.9e+20
20.0 -40.0 1.93e+20
20.0 -35.0 2.26e+20
20.0 -30.0 1.83e+20
20.0 -25.0 1.65e+20
20.0 -20.0 1.42e+20
20.0 -15.0 1.49e+20
20.0 -10.0 3.71e+20
20.0 -5.0 4.26e+20
20.0 0.0 3.38e+20
20.0 5.0 3.3e+20
20.0 10.0 4.04e+20
20.0 15.0 3.53e+20
20.0 20.0 4.72e+20
20.0 25.0 6.36e+20
20.0 30.0 5.73e+20
20.0 35.0 4.84e+20
20.0 40.0 6.02e+20
20.0 45.0 6.78e+20
20.0 50.0 1.33e+21
20.0 55.0 2.55e+21
20.0 60.0 4.33e+21
20.0 65.0 8.01e+21
20.0 70.0 3.24e+21
20.0 75.0 1.8e+21
20.0 80.0 1.6e+21
20.0 85.0 7.04e+20
25.0 -90.0 9.68e+20
25.0 -85.0 7.29e+20
25.0 -80.0 6.1e+20
25.0 -75.0 1.19e+21
25.0 -70.0 4.84e+20
25.0 -65.0 3.32e+20
25.0 -60.0 3.24e+20
25.0 -55.0 2.34e+20
25.0 -50.0 2.27e+20
25.0 -45.0 1.54e+20
25.0 -40.0 1.6e+20
25.0 -35.0 1.96e+20
25.0 -30.0 1.67e+20
25.0 -25.0 1.09e+20
25.0 -20.0 1.06e+20
25.0 -15.0 1.47e+20
25.0 -10.0 2.56e+20
25.0 -5.0 2.48e+20
25.0 0.0 2.97e+20
25.0 5.0 3.03e+20
25.0 10.0 5.3e+20
25.0 15.0 4.53e+20
25.0 20.0 4.33e+20
25.0 25.0 7.98e+20
25.0 30.0 4.63e+20
25.0 35.0 4.12e+20
25.0 40.0 5.75e+20
25.0 45.0 8.82e+20
25.0 50.0 1.3e+21
25.0 55.0 1.81e+21
25.0 60.0 4.78e+21
25.0 65.0 6.77e+21
25.0 70.0 3.33e+21
25.0 75.0 1.82e+21
25.0 80.0 1.52e+21
25.0 85.0 6.93e+20
30.0 -90.0 9.68e+20
30.0 -85.0 7.43e+20
30.0 -80.0 6.23e+20
30.0 -75.0 1.23e+21
30.0 -70.0 4.96e+20
30.0 -65.0 3.41e+20
30.0 -60.0 2.56e+20
30.0 -55.0 2.91e+20
30.0 -50.0 1.87e+20
30.0 -45.0 1.54e+20
30.0 -40.0 1.86e+20
30.0 -35.0 1.43e+20
30.0 -30.0 1.62e+20
30.0 -25.0 1.35e+20
30.0 -20.0 1.7e+20
30.0 -15.0 1.27e+20
30.0 -10.0 2.14e+20
30.0 -5.0 2.11e+20
30.0 0.0 2.31e+20
30.0 5.0 4.2e+20
30.0 10.0 5.24e+20
30.0 15.0 5.02e+20
30.0 20.0 6.03e+20
30.0 25.0 7.89e+20
30.0 30.0 4.9e+20
30.0 35.0 5.89e+20
30.0 40.0 5.54e+20
30.0 45.0 9.42e+20
30.0 50.0 1.77e+21
30.0 55.0 2.05e+21
30.0 60.0 6.63e+21
30.0 65.0 5.45e+21
30.0 70.0 3.71e+21
30.0 75.0 2.1e+21
30.0 80.0 1.36e+21
30.0 85.0 6.76e+20
35.0 -90.0 9.68e+20
35.0 -85.0 7.65e+20
35.0 -80.0 6.5e+20
35.0 -75.0 1.02e+21
35.0 -70.0 5.47e+20
35.0 -65.0 2.66e+20
35.0 -60.0 3.63e+20
35.0 -55.0 3.04e+20
35.0 -50.0 1.91e+20
35.0 -45.0 1.66e+20
35.0 -40.0 1.63e+20
35.0 -35.0 1.7e+20
35.0 -30.0 2.02e+20
35.0 -25.0 1.54e+20
35.0 -20.0 2.14e+20
35.0 -15.0 2.08e+20
35.0 -10.0 2.8e+20
35.0 -5.0 2.01e+20
35.0 0.0 2.7e+20
35.0 5.0 3.81e+20
35.0 10.0 6.21e+20
35.0 15.0 8.5e+20
35.0 20.0 8.99e+20
35.0 25.0 6.38e+20
35.0 30.0 7.46e+20
35.0 35.0 6.15e+20
35.0 40.0 4.76e+20
35.0 45.0 8.99e+20
35.0 50.0 1.6e+21
35.0 55.0 2.39e+21
35.0 60.0 7.07e+21
35.0 65.0 5.21e+21
35.0 70.0 3.33e+21
35.0 75.0 2.15e+21
35.0 80.0 1.32e+21
35.0 85.0 6.72e+20
40.0 -90.0 9.68e+20
40.0 -85.0 7.8e+20
40.0 -80.0 6.33e+20
40.0 -75.0 8.24e+20
40.0 -70.0 4.65e+20
40.0 -65.0 2.93e+20
40.0 -60.0 2.36e+20
40.0 -55.0 2.96e+20
40.0 -50.0 2.55e+20
40.0 -45.0 1.78e+20
40.0 -40.0 1.73e+20
40.0 -35.0 3.55e+20
40.0 -30.0 2.13e+20
40.0 -25.0 2.14e+20
40.0 -20.0 2.55e+20
40.0 -15.0 2.71e+20
40.0 -10.0 2.79e+20
40.0 -5.0 2.7e+20
40.0 0.0 2.97e+20
40.0 5.0 5.48e+20
40.0 10.0 8.71e+20
40.0 15.0 8.98e+20
40.0 20.0 7.46e+20
40.0 25.0 9.12e+20
40.0 30.0 9.04e+20
40.0 35.0 5.46e+20
40.0 40.0 5.78e+20
40.0 45.0 1.05e+21
40.0 50.0 1.91e+21
40.0 55.0 3.39e+21
40.0 60.0 7.57e+21
40.0 65.0 4.75e+21
40.0 70.0 3.17e+21
40.0 75.0 2.23e+21
40.0 80.0 1.27e+21
40.0 85.0 6.66e+20
45.0 -90.0 9.68e+20
45.0 -85.0 7.98e+20
45.0 -80.0 6.87e+20
45.0 -75.0 8.41e+20
45.0 -70.0 3.88e+20
45.0 -65.0 3.28e+20
45.0 -60.0 2.07e+20
45.0 -55.0 1.1e+20
45.0 -50.0 1.98e+20
45.0 -45.0 1.49e+20
45.0 -40.0 1.97e+20
45.0 -35.0 2.79e+20
45.0 -30.0 1.51e+20
45.0 -25.0 1.7e+20
45.0 -20.0 1.72e+20
45.0 -15.0 4.56e+20
45.0 -10.0 5.2e+20
45.0 -5.0 5.73e+20
45.0 0.0 7e+20
45.0 5.0 8.68e+20
45.0 10.0 1.41e+21
45.0 15.0 9.84e+20
45.0 20.0 1.01e+21
45.0 25.0 1.09e+21
45.0 30.0 1.05e+21
45.0 35.0 9.05e+20
45.0 40.0 8.8e+20
45.0 45.0 1.5e+21
45.0 50.0 2.73e+21
45.0 55.0 4.97e+21
45.0 60.0 7.72e+21
45.0 65.0 4.1e+21
45.0 70.0 3.11e+21
45.0 75.0 1.84e+21
45.0 80.0 1.3e+21
45.0 85.0 6.68e+20
50.0 -90.0 9.68e+20
50.0 -85.0 8.22e+20
50.0 -80.0 6.6e+20
50.0 -75.0 9.3e+20
50.0 -70.0 4.47e+20
50.0 -65.0 3.09e+20
50.0 -60.0 1.87e+20
50.0 -55.0 1.89e+20
50.0 -50.0 1.4e+20
50.0 -45.0 1.48e+20
50.0 -40.0 1.84e+20
50.0 -35.0 2.43e+20
50.0 -30.0 1.22e+20
50.0 -25.0 1.2e+20
50.0 -20.0 2.49e+20
50.0 -15.0 4.25e+20
50.0 -10.0 4.49e+20
50.0 -5.0 3.72e+20
50.0 0.0 5.56e+20
50.0 5.0 9.66e+20
50.0 10.0 1.43e+21
50.0 15.0 1.2e+21
50.0 20.0 9.09e+20
50.0 25.0 9.96e+20
50.0 30.0 1.23e+21
50.0 35.0 1.23e+21
50.0 40.0 1.26e+21
50.0 45.0 1.88e+21
50.0 50.0 3.29e+21
50.0 55.0 6.31e+21
50.0 60.0 6.35e+21
50.0 65.0 3.62e+21
50.0 70.0 2.66e+21
50.0 75.0 1.64e+21
50.0 80.0 1.17e+21
50.0 85.0 6.5e+20
55.0 -90.0 9.68e+20
55.0 -85.0 8.32e+20
55.0 -80.0 6.33e+20
55.0 -75.0 1.07e+21
55.0 -70.0 3.3e+20
55.0 -65.0 5.26e+20
55.0 -60.0 3.25e+20
55.0 -55.0 1.44e+20
55.0 -50.0 1.06e+20
55.0 -45.0 1.19e+20
55.0 -40.0 1.26e+20
55.0 -35.0 1.58e+20
55.0 -30.0 9.11e+19
55.0 -25.0 1.07e+20
55.0 -20.0 4.05e+20
55.0 -15.0 4.14e+20
55.0 -10.0 3.75e+20
55.0 -5.0 4.17e+20
55.0 0.0 5.78e+20
55.0 5.0 1.14e+21
55.0 10.0 1.59e+21
55.0 15.0 1.49e+21
55.0 20.0 1.25e+21
55.0 25.0 1.05e+21
55.0 30.0 1.04e+21
55.0 35.0 1.45e+21
55.0 40.0 1.51e+21
55.0 45.0 3.03e+21
55.0 50.0 4.91e+21
55.0 55.0 8.26e+21
55.0 60.0 5.56e+21
55.0 65.0 2.98e+21
55.0 70.0 2.26e+21
55.0 75.0 1.51e+21
55.0 80.0 9.45e+20
55.0 85.0 6.27e+20
60.0 -90.0 9.68e+20
60.0 -85.0 8.61e+20
60.0 -80.0 6.3e+20
60.0 -75.0 1.05e+21
60.0 -70.0 6.64e+20
60.0 -65.0 3.48e+20
60.0 -60.0 1.67e+20
60.0 -55.0 1.21e+20
60.0 -50.0 1.18e+20
60.0 -45.0 9.44e+19
60.0 -40.0 2.16e+20
60.0 -35.0 8.66e+19
60.0 -30.0 9.72e+19
60.0 -25.0 2.34e+20
60.0 -20.0 2.84e+20
60.0 -15.0 2.95e+20
60.0 -10.0 4.47e+20
60.0 -5.0 6.38e+20
60.0 0.0 1.11e+21
60.0 5.0 1.05e+21
60.0 10.0 1.01e+21
60.0 15.0 1.44e+21
60.0 20.0 1.31e+21
60.0 25.0 8.08e+20
60.0 30.0 6.68e+20
60.0 35.0 1.47e+21
60.0 40.0 2.77e+21
60.0 45.0 3.87e+21
60.0 50.0 6.48e+21
60.0 55.0 6.2e+21
60.0 60.0 4.29e+21
60.0 65.0 2.92e+21
60.0 70.0 1.57e+21
60.0 75.0 1.28e+21
60.0 80.0 7.86e+20
60.0 85.0 6.15e+20
65.0 -90.0 9.68e+20
65.0 -85.0 9.15e+20
65.0 -80.0 6.52e+20
65.0 -75.0 8.46e+20
65.0 -70.0 7.72e+20
65.0 -65.0 2.92e+20
65.0 -60.0 1.38e+20
65.0 -55.0 8.64e+19
65.0 -50.0 1.66e+20
65.0 -45.0 1.53e+20
65.0 -40.0 1.83e+20
65.0 -35.0 2.33e+20
65.0 -30.0 3.29e+20
65.0 -25.0 2.78e+20
65.0 -20.0 2.77e+20
65.0 -15.0 3.08e+20
65.0 -10.0 4.9e+20
65.0 -5.0 3.91e+20
65.0 0.0 6.82e+20
65.0 5.0 1.11e+21
65.0 10.0 1.5e+21
65.0 15.0 1.43e+21
65.0 20.0 1.82e+21
65.0 25.0 1.05e+21
65.0 30.0 1.17e+21
65.0 35.0 1.85e+21
65.0 40.0 3.16e+21
65.0 45.0 4.88e+21
65.0 50.0 7.63e+21
65.0 55.0 4.58e+21
65.0 60.0 3.74e+21
65.0 65.0 2.73e+21
65.0 70.0 1.27e+21
65.0 75.0 1.03e+21
65.0 80.0 7.6e+20
65.0 85.0 6.19e+20
70.0 -90.0 9.68e+20
70.0 -85.0 9.66e+20
70.0 -80.0 6.57e+20
70.0 -75.0 8.99e+20
70.0 -70.0 1.14e+21
70.0 -65.0 3.83e+20
70.0 -60.0 1.76e+20
70.0 -55.0 1.33e+20
70.0 -50.0 1.37e+20
70.0 -45.0 1e+20
70.0 -40.0 2.02e+20
70.0 -35.0 2.09e+20
70.0 -30.0 3.4e+20
70.0 -25.0 2.36e+20
70.0 -20.0 2.54e+20
70.0 -15.0 5.98e+20
70.0 -10.0 5.09e+20
70.0 -5.0 5.17e+20
70.0 0.0 4.65e+20
70.0 5.0 8.8e+20
70.0 10.0 1.14e+21
70.0 15.0 1.4e+21
70.0 20.0 1.99e+21
70.0 25.0 1.86e+21
70.0 30.0 1.97e+21
70.0 35.0 2.94e+21
70.0 40.0 3.39e+21
70.0 45.0 5.9e+21
70.0 50.0 6.02e+21
70.0 55.0 3.44e+21
70.0 60.0 3.57e+21
70.0 65.0 1.88e+21
70.0 70.0 1.16e+21
70.0 75.0 9.52e+20
70.0 80.0 7.82e+20
70.0 85.0 6.07e+20
75.0 -90.0 9.68e+20
75.0 -85.0 9.97e+20
75.0 -80.0 7.39e+20
75.0 -75.0 9.96e+20
75.0 -70.0 1.39e+21
75.0 -65.0 6.64e+20
75.0 -60.0 1.84e+20
75.0 -55.0 1.46e+20
75.0 -50.0 1.17e+20
75.0 -45.0 1.39e+20
75.0 -40.0 2.12e+20
75.0 -35.0 2.04e+20
75.0 -30.0 1.11e+20
75.0 -25.0 2.83e+20
75.0 -20.0 3.1e+20
75.0 -15.0 5.52e+20
75.0 -10.0 6.09e+20
75.0 -5.0 4.48e+20
75.0 0.0 7.13e+20
75.0 5.0 7.5e+20
75.0 10.0 1.2e+21
75.0 15.0 1.7e+21
75.0 20.0 1.97e+21
75.0 25.0 2.32e+21
75.0 30.0 2.7e+21
75.0 35.0 3.67e+21
75.0 40.0 5.54e+21
75.0 45.0 5.36e+21
75.0 50.0 3.84e+21
75.0 55.0 2.61e+21
75.0 60.0 2.53e+21
75.0 65.0 1.43e+21
75.0 70.0 9.67e+20
75.0 75.0 9.85e+20
75.0 80.0 7.55e+20
75.0 85.0 5.82e+20
80.0 -90.0 9.68e+20
80.0 -85.0 1.03e+21
80.0 -80.0 8.2e+20
80.0 -75.0 1.03e+21
80.0 -70.0 1.61e+21
80.0 -65.0 6.95e+20
80.0 -60.0 2.18e+20
80.0 -55.0 2.62e+20
80.0 -50.0 2.06e+20
80.0 -45.0 2.79e+20
80.0 -40.0 2.76e+20
80.0 -35.0 3.76e+20
80.0 -30.0 1.96e+20
80.0 -25.0 1.77e+20
80.0 -20.0 3.16e+20
80.0 -15.0 6.57e+20
80.0 -10.0 9.34e+20
80.0 -5.0 1.52e+21
80.0 0.0 1.13e+21
80.0 5.0 1.13e+21
80.0 10.0 2.11e+21
80.0 15.0 2.37e+21
80.0 20.0 2.53e+21
80.0 25.0 2.98e+21
80.0 30.0 4.23e+21
80.0 35.0 5.85e+21
80.0 40.0 4.89e+21
80.0 45.0 4.09e+21
80.0 50.0 2.44e+21
80.0 55.0 2.45e+21
80.0 60.0 1.95e+21
80.0 65.0 1.06e+21
80.0 70.0 8.43e+20
80.0 75.0 1.05e+21
80.0 80.0 7.37e+20
80.0 85.0 5.55e+20
85.0 -90.0 9.68e+20
85.0 -85.0 1.04e+21
85.0 -80.0 8.29e+20
85.0 -75.0 1.09e+21
85.0 -70.0 3.37e+21
85.0 -65.0 5.33e+20
85.0 -60.0 4.99e+20
85.0 -55.0 5.85e+20
85.0 -50.0 3.29e+20
85.0 -45.0 3.19e+20
85.0 -40.0 2.92e+20
85.0 -35.0 2.69e+20
85.0 -30.0 1.73e+20
85.0 -25.0 1.64e+20
85.0 -20.0 3.43e+20
85.0 -15.0 7.49e+20
85.0 -10.0 1.32e+21
85.0 -5.0 1.81e+21
85.0 0.0 1.97e+21
85.0 5.0 2.48e+21
85.0 10.0 1.88e+21
85.0 15.0 2.99e+21
85.0 20.0 3.08e+21
85.0 25.0 4.52e+21
85.0 30.0 5.11e+21
85.0 35.0 4.62e+21
85.0 40.0 3.96e+21
85.0 45.0 2.43e+21
85.0 50.0 2.13e+21
85.0 55.0 1.63e+21
85.0 60.0 1.69e+21
85.0 65.0 1e+21
85.0 70.0 7.98e+20
85.0 75.0 1.02e+21
85.0 80.0 6.87e+20
85.0 85.0 5.48e+20
90.0 -90.0 9.68e+20
90.0 -85.0 1.04e+21
90.0 -80.0 8.57e+20
90.0 -75.0 9.1e+20
90.0 -70.0 1.05e+21
90.0 -65.0 4.35e+20
90.0 -60.0 3.87e+20
90.0 -55.0 6.5e+20
90.0 -50.0 3.37e+20
90.0 -45.0 4.71e+20
90.0 -40.0 4.4e+20
90.0 -35.0 2.96e+20
90.0 -30.0 2.05e+20
90.0 -25.0 3.14e+20
90.0 -20.0 4.95e+20
90.0 -15.0 1.26e+21
90.0 -10.0 1.59e+21
90.0 -5.0 2.23e+21
90.0 0.0 2.15e+21
90.0 5.0 2.83e+21
90.0 10.0 3.28e+21
90.0 15.0 3.79e+21
90.0 20.0 5.32e+21
90.0 25.0 4.37e+21
90.0 30.0 3.65e+21
90.0 35.0 3.51e+21
90.0 40.0 2.7e+21
90.0 45.0 1.83e+21
90.0 50.0 1.85e+21
90.0 55.0 1.39e+21
90.0 60.0 1.01e+21
90.0 65.0 8.8e+20
90.0 70.0 8.61e+20
90.0 75.0 8.93e+20
90.0 80.0 6.95e+20
90.0 85.0 5.5e+20
95.0 -90.0 9.68e+20
95.0 -85.0 1.05e+21
95.0 -80.0 9.72e+20
95.0 -75.0 8.14e+20
95.0 -70.0 7.31e+20
95.0 -65.0 4.25e+20
95.0 -60.0 3.33e+20
95.0 -55.0 5.61e+20
95.0 -50.0 3.33e+20
95.0 -45.0 5.55e+20
95.0 -40.0 6.91e+20
95.0 -35.0 4.01e+20
95.0 -30.0 3.13e+20
95.0 -25.0 5.62e+20
95.0 -20.0 1.18e+21
95.0 -15.0 1.74e+21
95.0 -10.0 2.5e+21
95.0 -5.0 2.08e+21
95.0 0.0 3.62e+21
95.0 5.0 3.75e+21
95.0 10.0 4.96e+21
95.0 15.0 5.35e+21
95.0 20.0 4.5e+21
95.0 25.0 3.67e+21
95.0 30.0 3.17e+21
95.0 35.0 2.75e+21
95.0 40.0 1.75e+21
95.0 45.0 1.49e+21
95.0 50.0 1.27e+21
95.0 55.0 1.25e+21
95.0 60.0 8.66e+20
95.0 65.0 8.02e+20
95.0 70.0 8.06e+20
95.0 75.0 8.14e+20
95.0 80.0 7.45e+20
95.0 85.0 5.58e+20
100.0 -90.0 9.68e+20
100.0 -85.0 1.06e+21
100.0 -80.0 1.11e+21
100.0 -75.0 8.72e+20
100.0 -70.0 5.67e+20
100.0 -65.0 4.51e+20
100.0 -60.0 6.63e+20
100.0 -55.0 7.83e+20
100.0 -50.0 3.09e+20
100.0 -45.0 4.76e+20
100.0 -40.0 6.64e+20
100.0 -35.0 9.24e+20
100.0 -30.0 9.25e+20
100.0 -25.0 1.11e+21
100.0 -20.0 2.35e+21
100.0 -15.0 2.82e+21
100.0 -10.0 3.34e+21
100.0 -5.0 4.74e+21
100.0 0.0 6.19e+21
100.0 5.0 5.99e+21
100.0 10.0 3.91e+21
100.0 15.0 2.65e+21
100.0 20.0 2.29e+21
100.0 25.0 1.94e+21
100.0 30.0 1.73e+21
100.0 35.0 1.43e+21
100.0 40.0 1.42e+21
100.0 45.0 1.24e+21
100.0 50.0 9.96e+20
100.0 55.0 7.56e+20
100.0 60.0 6.43e+20
100.0 65.0 6.04e+20
100.0 70.0 5.94e+20
100.0 75.0 7.35e+20
100.0 80.0 6.09e+20
100.0 85.0 5.62e+20
105.0 -90.0 9.68e+20
105.0 -85.0 1.05e+21
105.0 -80.0 1.2e+21
105.0 -75.0 1.16e+21
105.0 -70.0 9.18e+20
105.0 -65.0 7.19e+20
105.0 -60.0 8.03e+20
105.0 -55.0 5.14e+20
105.0 -50.0 3.53e+20
105.0 -45.0 5.89e+20
105.0 -40.0 1.02e+21
105.0 -35.0 1.63e+21
105.0 -30.0 1.47e+21
105.0 -25.0 2.36e+21
105.0 -20.0 3.75e+21
105.0 -15.0 4.62e+21
105.0 -10.0 5.86e+21
105.0 -5.0 6.97e+21
105.0 0.0 4.9e+21
105.0 5.0 3.12e+21
105.0 10.0 1.58e+21
105.0 15.0 1.26e+21
105.0 20.0 9.61e+20
105.0 25.0 7.86e+20
105.0 30.0 9.42e+20
105.0 35.0 8.88e+20
105.0 40.0 8.51e+20
105.0 45.0 8.84e+20
105.0 50.0 7.41e+20
105.0 55.0 5.07e+20
105.0 60.0 6.23e+20
105.0 65.0 3.93e+20
105.0 70.0 4.33e+20
105.0 75.0 5.73e+20
105.0 80.0 4.13e+20
105.0 85.0 5.53e+20
110.0 -90.0 9.68e+20
110.0 -85.0 9.88e+20
110.0 -80.0 1.21e+21
110.0 -75.0 1.38e+21
110.0 -70.0 1.41e+21
110.0 -65.0 8.89e+20
110.0 -60.0 1e+21
110.0 -55.0 8.02e+20
110.0 -50.0 8.64e+20
110.0 -45.0 9.1e+20
110.0 -40.0 1.44e+21
110.0 -35.0 2.2e+21
110.0 -30.0 2e+21
110.0 -25.0 4.44e+21
110.0 -20.0 6.09e+21
110.0 -15.0 5.86e+21
110.0 -10.0 4.39e+21
110.0 -5.0 3.18e+21
110.0 0.0 1.58e+21
110.0 5.0 1.44e+21
110.0 10.0 1.05e+21
110.0 15.0 8.2e+20
110.0 20.0 7.03e+20
110.0 25.0 6.45e+20
110.0 30.0 5.88e+20
110.0 35.0 5.44e+20
110.0 40.0 6.53e+20
110.0 45.0 8.37e+20
110.0 50.0 6.95e+20
110.0 55.0 5.8e+20
110.0 60.0 5.23e+20
110.0 65.0 5.39e+20
110.0 70.0 3.77e+20
110.0 75.0 4.27e+20
110.0 80.0 3.63e+20
110.0 85.0 5.33e+20
115.0 -90.0 9.68e+20
115.0 -85.0 9.3e+20
115.0 -80.0 1.33e+21
115.0 -75.0 1.46e+21
115.0 -70.0 1.19e+21
115.0 -65.0 9.93e+20
115.0 -60.0 1.28e+21
115.0 -55.0 8.65e+20
115.0 -50.0 1.12e+21
115.0 -45.0 2.19e+21
115.0 -40.0 2.89e+21
115.0 -35.0 4.32e+21
115.0 -30.0 4.39e+21
115.0 -25.0 5.95e+21
115.0 -20.0 6.18e+21
115.0 -15.0 3.59e+21
115.0 -10.0 2.19e+21
115.0 -5.0 1.25e+21
115.0 0.0 7.85e+20
115.0 5.0 6.3e+20
115.0 10.0 4.13e+20
115.0 15.0 3.76e+20
115.0 20.0 4.29e+20
115.0 25.0 4.73e+20
115.0 30.0 4.72e+20
115.0 35.0 4.83e+20
115.0 40.0 5.64e+20
115.0 45.0 5.08e+20
115.0 50.0 5.42e+20
115.0 55.0 4.34e+20
115.0 60.0 5.15e+20
115.0 65.0 3.5e+20
115.0 70.0 3.37e+20
115.0 75.0 3.69e+20
115.0 80.0 3.1e+20
115.0 85.0 5.04e+20
120.0 -90.0 9.68e+20
120.0 -85.0 9.04e+20
120.0 -80.0 1.19e+21
120.0 -75.0 1.15e+21
120.0 -70.0 1.13e+21
120.0 -65.0 1.04e+21
120.0 -60.0 1.26e+21
120.0 -55.0 1.41e+21
120.0 -50.0 1.75e+21
120.0 -45.0 2.59e+21
120.0 -40.0 4.74e+21
120.0 -35.0 6.8e+21
120.0 -30.0 4.69e+21
120.0 -25.0 2.72e+21
120.0 -20.0 1.99e+21
120.0 -15.0 1.07e+21
120.0 -10.0 7.87e+20
120.0 -5.0 6.12e+20
120.0 0.0 4.34e+20
120.0 5.0 3e+20
120.0 10.0 2.33e+20
120.0 15.0 3.24e+20
120.0 20.0 3.52e+20
120.0 25.0 3.39e+20
120.0 30.0 4.21e+20
120.0 35.0 4.11e+20
120.0 40.0 4.81e+20
120.0 45.0 4.39e+20
120.0 50.0 4.38e+20
120.0 55.0 3.76e+20
120.0 60.0 4.71e+20
120.0 65.0 4.21e+20
120.0 70.0 3.41e+20
120.0 75.0 3.31e+20
120.0 80.0 2.81e+20
120.0 85.0 4.77e+20
125.0 -90.0 9.68e+20
125.0 -85.0 9.53e+20
125.0 -80.0 7.08e+20
125.0 -75.0 8.34e+20
125.0 -70.0 1.11e+21
125.0 -65.0 1.12e+21
125.0 -60.0 1.4e+21
125.0 -55.0 2.19e+21
125.0 -50.0 3.45e+21
125.0 -45.0 6.14e+21
125.0 -40.0 1.09e+22
125.0 -35.0 6.06e+21
125.0 -30.0 3.13e+21
125.0 -25.0 1.38e+21
125.0 -20.0 9.27e+20
125.0 -15.0 5.81e+20
125.0 -10.0 6e+20
125.0 -5.0 5.6e+20
125.0 0.0 4.67e+20
125.0 5.0 2.23e+20
125.0 10.0 2.65e+20
125.0 15.0 3.39e+20
125.0 20.0 4.34e+20
125.0 25.0 3.19e+20
125.0 30.0 3.1e+20
125.0 35.0 5.1e+20
125.0 40.0 4.4e+20
125.0 45.0 4.91e+20
125.0 50.0 4.25e+20
125.0 55.0 4.74e+20
125.0 60.0 4.22e+20
125.0 65.0 4.04e+20
125.0 70.0 3.68e+20
125.0 75.0 2.92e+20
125.0 80.0 2.54e+20
125.0 85.0 4.6e+20
130.0 -90.0 9.68e+20
130.0 -85.0 9.95e+20
130.0 -80.0 6.66e+20
130.0 -75.0 8.5e+20
130.0 -70.0 7.99e+20
130.0 -65.0 1e+21
130.0 -60.0 1.47e+21
130.0 -55.0 2.19e+21
130.0 -50.0 6.05e+21
130.0 -45.0 9.24e+21
130.0 -40.0 7.04e+21
130.0 -35.0 2.81e+21
130.0 -30.0 1.35e+21
130.0 -25.0 7.93e+20
130.0 -20.0 7.45e+20
130.0 -15.0 5.37e+20
130.0 -10.0 3.98e+20
130.0 -5.0 2.97e+20
130.0 0.0 3.62e+20
130.0 5.0 2.83e+20
130.0 10.0 4.86e+20
130.0 15.0 3.09e+20
130.0 20.0 2.58e+20
130.0 25.0 2.84e+20
130.0 30.0 4.21e+20
130.0 35.0 2.98e+20
130.0 40.0 3.31e+20
130.0 45.0 2.73e+20
130.0 50.0 3.52e+20
130.0 55.0 3.5e+20
130.0 60.0 3.5e+20
130.0 65.0 4.7e+20
130.0 70.0 3.14e+20
130.0 75.0 2.08e+20
130.0 80.0 2.18e+20
130.0 85.0 4.5e+20
135.0 -90.0 9.68e+20
135.0 -85.0 9.67e+20
135.0 -80.0 7.5e+20
135.0 -75.0 9.17e+20
135.0 -70.0 6.51e+20
135.0 -65.0 1.01e+21
135.0 -60.0 1.61e+21
135.0 -55.0 2.74e+21
135.0 -50.0 8.48e+21
135.0 -45.0 7.6e+21
135.0 -40.0 3.78e+21
135.0 -35.0 2.44e+21
135.0 -30.0 1.7e+21
135.0 -25.0 1.25e+21
135.0 -20.0 1.09e+21
135.0 -15.0 4.74e+20
135.0 -10.0 3.5e+20
135.0 -5.0 2.17e+20
135.0 0.0 3.19e+20
135.0 5.0 3.45e+20
135.0 10.0 3.36e+20
135.0 15.0 3.94e+20
135.0 20.0 2.92e+20
135.0 25.0 3.3e+20
135.0 30.0 2.13e+20
135.0 35.0 2.65e+20
135.0 40.0 1.77e+20
135.0 45.0 1.94e+20
135.0 50.0 2.26e+20
135.0 55.0 2.23e+20
135.0 60.0 4.36e+20
135.0 65.0 4.24e+20
135.0 70.0 3.31e+20
135.0 75.0 1.9e+20
135.0 80.0 1.89e+20
135.0 85.0 4.37e+20
140.0 -90.0 9.68e+20
140.0 -85.0 8.8e+20
140.0 -80.0 7.81e+20
140.0 -75.0 8.32e+20
140.0 -70.0 8.67e+20
140.0 -65.0 1.35e+21
140.0 -60.0 2.42e+21
140.0 -55.0 6.3e+21
140.0 -50.0 7.72e+21
140.0 -45.0 3.94e+21
140.0 -40.0 1.79e+21
140.0 -35.0 1.66e+21
140.0 -30.0 1.2e+21
140.0 -25.0 7.57e+20
140.0 -20.0 5.65e+20
140.0 -15.0 4.56e+20
140.0 -10.0 3.82e+20
140.0 -5.0 2.64e+20
140.0 0.0 2.82e+20
140.0 5.0 3.2e+20
140.0 10.0 3.47e+20
140.0 15.0 3.19e+20
140.0 20.0 3.2e+20
140.0 25.0 3.16e+20
140.0 30.0 1.62e+20
140.0 35.0 1.4e+20
140.0 40.0 1.32e+20
140.0 45.0 1.41e+20
140.0 50.0 1.6e+20
140.0 55.0 2.69e+20
140.0 60.0 3.11e+20
140.0 65.0 4.47e+20
140.0 70.0 4.46e+20
140.0 75.0 1.85e+20
140.0 80.0 2.05e+20
140.0 85.0 4.57e+20
145.0 -90.0 9.68e+20
145.0 -85.0 8.03e+20
145.0 -80.0 7.39e+20
145.0 -75.0 9.4e+20
145.0 -70.0 1.08e+21
145.0 -65.0 1.58e+21
145.0 -60.0 3.49e+21
145.0 -55.0 8.94e+21
145.0 -50.0 4.94e+21
145.0 -45.0 2.05e+21
145.0 -40.0 2.12e+21
145.0 -35.0 1.31e+21
145.0 -30.0 1.03e+21
145.0 -25.0 3.49e+20
145.0 -20.0 4.21e+20
145.0 -15.0 5.25e+20
145.0 -10.0 4.08e+20
145.0 -5.0 3.68e+20
145.0 0.0 4.06e+20
145.0 5.0 3.58e+20
145.0 10.0 2.82e+20
145.0 15.0 3.43e+20
145.0 20.0 2.68e+20
145.0 25.0 1.95e+20
145.0 30.0 1.54e+20
145.0 35.0 1.04e+20
145.0 40.0 1.22e+20
145.0 45.0 1.22e+20
145.0 50.0 1.4e+20
145.0 55.0 1.74e+20
145.0 60.0 2.21e+20
145.0 65.0 4.18e+20
145.0 70.0 5.28e+20
145.0 75.0 2.24e+20
145.0 80.0 1.94e+20
145.0 85.0 5.17e+20
150.0 -90.0 9.68e+20
150.0 -85.0 7.99e+20
150.0 -80.0 7.54e+20
150.0 -75.0 1.21e+21
150.0 -70.0 1.06e+21
150.0 -65.0 1.55e+21
150.0 -60.0 7.07e+21
150.0 -55.0 8.94e+21
150.0 -50.0 2.27e+21
150.0 -45.0 1.31e+21
150.0 -40.0 1.29e+21
150.0 -35.0 1.03e+21
150.0 -30.0 5.88e+20
150.0 -25.0 4.28e+20
150.0 -20.0 4.38e+20
150.0 -15.0 5.49e+20
150.0 -10.0 5.42e+20
150.0 -5.0 2.84e+20
150.0 0.0 2.7e+20
150.0 5.0 2.62e+20
150.0 10.0 3.15e+20
150.0 15.0 2.94e+20
150.0 20.0 2.52e+20
150.0 25.0 3.38e+20
150.0 30.0 1.73e+20
150.0 35.0 9.33e+19
150.0 40.0 1.17e+20
150.0 45.0 1.16e+20
150.0 50.0 9.09e+19
150.0 55.0 8.28e+19
150.0 60.0 1.54e+20
150.0 65.0 4.19e+20
150.0 70.0 4.66e+20
150.0 75.0 2.18e+20
150.0 80.0 1.7e+20
150.0 85.0 6.11e+20
155.0 -90.0 9.68e+20
155.0 -85.0 7.84e+20
155.0 -80.0 6.95e+20
155.0 -75.0 1.05e+21
155.0 -70.0 9.28e+20
155.0 -65.0 2.18e+21
155.0 -60.0 9.58e+21
155.0 -55.0 6.9e+21
155.0 -50.0 1.77e+21
155.0 -45.0 1.07e+21
155.0 -40.0 1.05e+21
155.0 -35.0 8.08e+20
155.0 -30.0 5.79e+20
155.0 -25.0 4.6e+20
155.0 -20.0 5.8e+20
155.0 -15.0 6.38e+20
155.0 -10.0 4.23e+20
155.0 -5.0 4.51e+20
155.0 0.0 4.1e+20
155.0 5.0 1.95e+20
155.0 10.0 3.11e+20
155.0 15.0 3.85e+20
155.0 20.0 2.14e+20
155.0 25.0 1.88e+20
155.0 30.0 2.53e+20
155.0 35.0 9.66e+19
155.0 40.0 1.16e+20
155.0 45.0 8.74e+19
155.0 50.0 7.89e+19
155.0 55.0 8.5e+19
155.0 60.0 9.29e+19
155.0 65.0 1.68e+20
155.0 70.0 3.57e+20
155.0 75.0 2.63e+20
155.0 80.0 1.8e+20
155.0 85.0 6.86e+20
160.0 -90.0 9.68e+20
160.0 -85.0 7.41e+20
160.0 -80.0 5.95e+20
160.0 -75.0 7.89e+20
160.0 -70.0 1e+21
160.0 -65.0 2.81e+21
160.0 -60.0 1.21e+22
160.0 -55.0 4.88e+21
160.0 -50.0 2.31e+21
160.0 -45.0 1.11e+21
160.0 -40.0 5.8e+20
160.0 -35.0 6.66e+20
160.0 -30.0 4.33e+20
160.0 -25.0 4.59e+20
160.0 -20.0 3.42e+20
160.0 -15.0 4.69e+20
160.0 -10.0 3.27e+20
160.0 -5.0 4.61e+20
160.0 0.0 4.33e+20
160.0 5.0 2.38e+20
160.0 10.0 2.52e+20
160.0 15.0 3.1e+20
160.0 20.0 1.73e+20
160.0 25.0 1.99e+20
160.0 30.0 1.81e+20
160.0 35.0 2.03e+20
160.0 40.0 1.68e+20
160.0 45.0 1.33e+20
160.0 50.0 1.12e+20
160.0 55.0 7.78e+19
160.0 60.0 8.11e+19
160.0 65.0 1.25e+20
160.0 70.0 2.26e+20
160.0 75.0 3.87e+20
160.0 80.0 2.32e+20
160.0 85.0 7.31e+20
165.0 -90.0 9.68e+20
165.0 -85.0 6.86e+20
165.0 -80.0 6.44e+20
165.0 -75.0 7.49e+20
165.0 -70.0 1.07e+21
165.0 -65.0 4.04e+21
165.0 -60.0 1.3e+22
165.0 -55.0 2.6e+21
165.0 -50.0 1.65e+21
165.0 -45.0 1.03e+21
165.0 -40.0 8.19e+20
165.0 -35.0 4.88e+20
165.0 -30.0 5.74e+20
165.0 -25.0 5.37e+20
165.0 -20.0 3.64e+20
165.0 -15.0 5.07e+20
165.0 -10.0 2.58e+20
165.0 -5.0 2.91e+20
165.0 0.0 3.13e+20
165.0 5.0 3.73e+20
165.0 10.0 2.42e+20
165.0 15.0 1.68e+20
165.0 20.0 1.52e+20
165.0 25.0 1.17e+20
165.0 30.0 1.61e+20
165.0 35.0 2.13e+20
165.0 40.0 1.3e+20
165.0 45.0 8.88e+19
165.0 50.0 1.24e+20
165.0 55.0 7.47e+19
165.0 60.0 5.54e+19
165.0 65.0 1.88e+20
165.0 70.0 1.71e+20
165.0 75.0 4.02e+20
165.0 80.0 3.54e+20
165.0 85.0 7.63e+20
170.0 -90.0 9.68e+20
170.0 -85.0 6.52e+20
170.0 -80.0 8.1e+20
170.0 -75.0 8.56e+20
170.0 -70.0 1.33e+21
170.0 -65.0 6.77e+21
170.0 -60.0 8e+21
170.0 -55.0 2.43e+21
170.0 -50.0 1.05e+21
170.0 -45.0 7.82e+20
170.0 -40.0 9.36e+20
170.0 -35.0 6.6e+20
170.0 -30.0 6.01e+20
170.0 -25.0 4.23e+20
170.0 -20.0 3.79e+20
170.0 -15.0 4.45e+20
170.0 -10.0 4.19e+20
170.0 -5.0 3.75e+20
170.0 0.0 3.95e+20
170.0 5.0 4.14e+20
170.0 10.0 2.29e+20
170.0 15.0 1.79e+20
170.0 20.0 1.68e+20
170.0 25.0 1.02e+20
170.0 30.0 1.12e+20
170.0 35.0 2.04e+20
170.0 40.0 1.83e+20
170.0 45.0 1.49e+20
170.0 50.0 1.2e+20
170.0 55.0 8.57e+19
170.0 60.0 6.17e+19
170.0 65.0 7.75e+19
170.0 70.0 1.24e+20
170.0 75.0 4.14e+20
170.0 80.0 3.84e+20
170.0 85.0 7.64e+20
175.0 -90.0 9.68e+20
175.0 -85.0 6.53e+20
175.0 -80.0 8.76e+20
175.0 -75.0 9.22e+20
175.0 -70.0 1.58e+21
175.0 -65.0 9.13e+21
175.0 -60.0 6.38e+21
175.0 -55.0 2.11e+21
175.0 -50.0 1e+21
175.0 -45.0 6.33e+20
175.0 -40.0 8.75e+20
175.0 -35.0 7.74e+20
175.0 -30.0 5.3e+20
175.0 -25.0 3.92e+20
175.0 -20.0 4.43e+20
175.0 -15.0 3.36e+20
175.0 -10.0 2.55e+20
175.0 -5.0 3.37e+20
175.0 0.0 2.17e+20
175.0 5.0 2.05e+20
175.0 10.0 3.55e+20
175.0 15.0 2.9e+20
175.0 20.0 1.56e+20
175.0 25.0 2.16e+20
175.0 30.0 1.99e+20
175.0 35.0 1.86e+20
175.0 40.0 1.72e+20
175.0 45.0 2.71e+20
175.0 50.0 1.51e+20
175.0 55.0 9.89e+19
175.0 60.0 1.13e+20
175.0 65.0 1.23e+20
175.0 70.0 1.15e+20
175.0 75.0 4.17e+20
175.0 80.0 4.24e+20
175.0 85.0 7.53e+20
180.0 -90.0 9.68e+20
180.0 -85.0 7.13e+20
180.0 -80.0 9.05e+20
180.0 -75.0 9.99e+20
180.0 -70.0 1.5e+21
180.0 -65.0 9.09e+21
180.0 -60.0 5.98e+21
180.0 -55.0 1.68e+21
180.0 -50.0 7.73e+20
180.0 -45.0 8.4e+20
180.0 -40.0 8.33e+20
180.0 -35.0 7.13e+20
180.0 -30.0 5.31e+20
180.0 -25.0 6.17e+20
180.0 -20.0 3.27e+20
180.0 -15.0 4.03e+20
180.0 -10.0 3.45e+20
180.0 -5.0 2.11e+20
180.0 0.0 2.28e+20
180.0 5.0 1.56e+20
180.0 10.0 1.51e+20
180.0 15.0 2.87e+20
180.0 20.0 2.48e+20
180.0 25.0 1.59e+20
180.0 30.0 1.62e+20
180.0 35.0 1.64e+20
180.0 40.0 2.02e+20
180.0 45.0 1.15e+20
180.0 50.0 2.18e+20
180.0 55.0 9.75e+19
180.0 60.0 1.45e+20
180.0 65.0 1.5e+20
180.0 70.0 1.44e+20
180.0 75.0 3e+20
180.0 80.0 5.04e+20
180.0 85.0 7.32e+20
185.0 -90.0 9.68e+20
185.0 -85.0 7.62e+20
185.0 -80.0 8.76e+20
185.0 -75.0 1.08e+21
185.0 -70.0 1.65e+21
185.0 -65.0 7.37e+21
185.0 -60.0 5.88e+21
185.0 -55.0 1.9e+21
185.0 -50.0 1.07e+21
185.0 -45.0 9.64e+20
185.0 -40.0 7.66e+20
185.0 -35.0 5.63e+20
185.0 -30.0 5.49e+20
185.0 -25.0 7.88e+20
185.0 -20.0 3.49e+20
185.0 -15.0 3.61e+20
185.0 -10.0 3.37e+20
185.0 -5.0 3.01e+20
185.0 0.0 1.94e+20
185.0 5.0 1.7e+20
185.0 10.0 1.72e+20
185.0 15.0 2.26e+20
185.0 20.0 2.44e+20
185.0 25.0 2.06e+20
185.0 30.0 1.86e+20
185.0 35.0 1.2e+20
185.0 40.0 2.04e+20
185.0 45.0 1.03e+20
185.0 50.0 2.01e+20
185.0 55.0 1.46e+20
185.0 60.0 1.26e+20
185.0 65.0 2.13e+20
185.0 70.0 2.1e+20
185.0 75.0 2.62e+20
185.0 80.0 5.23e+20
185.0 85.0 7.18e+20
190.0 -90.0 9.68e+20
190.0 -85.0 7.91e+20
190.0 -80.0 8.85e+20
190.0 -75.0 1.17e+21
190.0 -70.0 1.66e+21
190.0 -65.0 8.42e+21
190.0 -60.0 4.57e+21
190.0 -55.0 2.16e+21
190.0 -50.0 1.08e+21
190.0 -45.0 7.7e+20
190.0 -40.0 8.11e+20
190.0 -35.0 5.18e+20
190.0 -30.0 7.03e+20
190.0 -25.0 7.77e+20
190.0 -20.0 4.34e+20
190.0 -15.0 3.48e+20
190.0 -10.0 2.63e+20
190.0 -5.0 1.84e+20
190.0 0.0 1.79e+20
190.0 5.0 1.72e+20
190.0 10.0 1.35e+20
190.0 15.0 2.29e+20
190.0 20.0 2.32e+20
190.0 25.0 1.05e+20
190.0 30.0 1.45e+20
190.0 35.0 1.36e+20
190.0 40.0 1.55e+20
190.0 45.0 1.34e+20
190.0 50.0 1.26e+20
190.0 55.0 1.24e+20
190.0 60.0 9.51e+19
190.0 65.0 1.72e+20
190.0 70.0 1.45e+20
190.0 75.0 2.26e+20
190.0 80.0 4.76e+20
190.0 85.0 7.18e+20
195.0 -90.0 9.68e+20
195.0 -85.0 8.05e+20
195.0 -80.0 8.15e+20
195.0 -75.0 1.28e+21
195.0 -70.0 1.87e+21
195.0 -65.0 9.13e+21
195.0 -60.0 5.87e+21
195.0 -55.0 1.86e+21
195.0 -50.0 1.46e+21
195.0 -45.0 6.16e+20
195.0 -40.0 8.5e+20
195.0 -35.0 5.04e+20
195.0 -30.0 6.82e+20
195.0 -25.0 7.88e+20
195.0 -20.0 6.25e+20
195.0 -15.0 3.3e+20
195.0 -10.0 3.33e+20
195.0 -5.0 1.76e+20
195.0 0.0 1.42e+20
195.0 5.0 2.09e+20
195.0 10.0 1.55e+20
195.0 15.0 1.73e+20
195.0 20.0 1.88e+20
195.0 25.0 1.06e+20
195.0 30.0 9.34e+19
195.0 35.0 1.11e+20
195.0 40.0 1.52e+20
195.0 45.0 1.33e+20
195.0 50.0 1.3e+20
195.0 55.0 1.75e+20
195.0 60.0 1.26e+20
195.0 65.0 1.66e+20
195.0 70.0 1.29e+20
195.0 75.0 2.17e+20
195.0 80.0 3.48e+20
195.0 85.0 7.14e+20
200.0 -90.0 9.68e+20
200.0 -85.0 8.01e+20
200.0 -80.0 7.8e+20
200.0 -75.0 1.24e+21
200.0 -70.0 1.66e+21
200.0 -65.0 8.03e+21
200.0 -60.0 5.15e+21
200.0 -55.0 2.1e+21
200.0 -50.0 1.3e+21
200.0 -45.0 7.29e+20
200.0 -40.0 7.42e+20
200.0 -35.0 4.45e+20
200.0 -30.0 5.05e+20
200.0 -25.0 6.65e+20
200.0 -20.0 7.35e+20
200.0 -15.0 4.59e+20
200.0 -10.0 2.15e+20
200.0 -5.0 2.53e+20
200.0 0.0 1.8e+20
200.0 5.0 2.12e+20
200.0 10.0 1.66e+20
200.0 15.0 1.74e+20
200.0 20.0 1.81e+20
200.0 25.0 1.08e+20
200.0 30.0 1.1e+20
200.0 35.0 9.82e+19
200.0 40.0 1.08e+20
200.0 45.0 1.88e+20
200.0 50.0 1.15e+20
200.0 55.0 1.91e+20
200.0 60.0 1.31e+20
200.0 65.0 1.84e+20
200.0 70.0 1.24e+20
200.0 75.0 2.25e+20
200.0 80.0 2.72e+20
200.0 85.0 6.6e+20
205.0 -90.0 9.68e+20
205.0 -85.0 7.83e+20
205.0 -80.0 8.11e+20
205.0 -75.0 1.2e+21
205.0 -70.0 1.72e+21
205.0 -65.0 7.66e+21
205.0 -60.0 7.42e+21
205.0 -55.0 2.79e+21
205.0 -50.0 1.01e+21
205.0 -45.0 7.58e+20
205.0 -40.0 5.87e+20
205.0 -35.0 4.05e+20
205.0 -30.0 4.01e+20
205.0 -25.0 5.31e+20
205.0 -20.0 6.92e+20
205.0 -15.0 5.54e+20
205.0 -10.0 3.47e+20
205.0 -5.0 1.82e+20
205.0 0.0 1.84e+20
205.0 5.0 2.05e+20
205.0 10.0 2.09e+20
205.0 15.0 2.04e+20
205.0 20.0 1.88e+20
205.0 25.0 9.53e+19
205.0 30.0 1.32e+20
205.0 35.0 8.56e+19
205.0 40.0 8.17e+19
205.0 45.0 1.93e+20
205.0 50.0 1.16e+20
205.0 55.0 9.48e+19
205.0 60.0 1.75e+20
205.0 65.0 2.07e+20
205.0 70.0 1.33e+20
205.0 75.0 2.65e+20
205.0 80.0 2.52e+20
205.0 85.0 5.86e+20
210.0 -90.0 9.68e+20
210.0 -85.0 7.51e+20
210.0 -80.0 8.14e+20
210.0 -75.0 1.16e+21
210.0 -70.0 1.88e+21
210.0 -65.0 6.43e+21
210.0 -60.0 9.97e+21
210.0 -55.0 2.13e+21
210.0 -50.0 1.69e+21
210.0 -45.0 5.49e+20
210.0 -40.0 5.68e+20
210.0 -35.0 5.54e+20
210.0 -30.0 3.78e+20
210.0 -25.0 5.53e+20
210.0 -20.0 5.64e+20
210.0 -15.0 7.3e+20
210.0 -10.0 3.26e+20
210.0 -5.0 2.1e+20
210.0 0.0 2.98e+20
210.0 5.0 2.17e+20
210.0 10.0 1.92e+20
210.0 15.0 1.24e+20
210.0 20.0 2.45e+20
210.0 25.0 1.44e+20
210.0 30.0 1.12e+20
210.0 35.0 1.2e+20
210.0 40.0 1.25e+20
210.0 45.0 1.04e+20
210.0 50.0 1.39e+20
210.0 55.0 1.11e+20
210.0 60.0 1.57e+20
210.0 65.0 1.22e+20
210.0 70.0 1.66e+20
210.0 75.0 2.84e+20
210.0 80.0 2.55e+20
210.0 85.0 5.15e+20
215.0 -90.0 9.68e+20
215.0 -85.0 7.1e+20
215.0 -80.0 8.59e+20
215.0 -75.0 1.12e+21
215.0 -70.0 2.08e+21
215.0 -65.0 5.95e+21
215.0 -60.0 1.16e+22
215.0 -55.0 3.21e+21
215.0 -50.0 1.73e+21
215.0 -45.0 6.64e+20
215.0 -40.0 8.28e+20
215.0 -35.0 4.47e+20
215.0 -30.0 5.11e+20
215.0 -25.0 5.79e+20
215.0 -20.0 7.67e+20
215.0 -15.0 6.86e+20
215.0 -10.0 5.29e+20
215.0 -5.0 3.12e+20
215.0 0.0 2.96e+20
215.0 5.0 2.16e+20
215.0 10.0 2.15e+20
215.0 15.0 1.3e+20
215.0 20.0 2.64e+20
215.0 25.0 1.58e+20
215.0 30.0 1.43e+20
215.0 35.0 1.39e+20
215.0 40.0 8.06e+19
215.0 45.0 8.47e+19
215.0 50.0 1.89e+20
215.0 55.0 1.45e+20
215.0 60.0 1.7e+20
215.0 65.0 1.82e+20
215.0 70.0 1.6e+20
215.0 75.0 3.24e+20
215.0 80.0 2.59e+20
215.0 85.0 4.58e+20
220.0 -90.0 9.68e+20
220.0 -85.0 6.92e+20
220.0 -80.0 9.16e+20
220.0 -75.0 1.09e+21
220.0 -70.0 1.76e+21
220.0 -65.0 3.4e+21
220.0 -60.0 1.59e+22
220.0 -55.0 3.43e+21
220.0 -50.0 1.71e+21
220.0 -45.0 9.22e+20
220.0 -40.0 7.14e+20
220.0 -35.0 5.53e+20
220.0 -30.0 6.78e+20
220.0 -25.0 6.75e+20
220.0 -20.0 7.8e+20
220.0 -15.0 7.79e+20
220.0 -10.0 7.65e+20
220.0 -5.0 5.12e+20
220.0 0.0 3.36e+20
220.0 5.0 2.85e+20
220.0 10.0 1.76e+20
220.0 15.0 1.46e+20
220.0 20.0 1.99e+20
220.0 25.0 2.94e+20
220.0 30.0 1.23e+20
220.0 35.0 1e+20
220.0 40.0 1.18e+20
220.0 45.0 1.51e+20
220.0 50.0 2.51e+20
220.0 55.0 1.33e+20
220.0 60.0 1.18e+20
220.0 65.0 1.4e+20
220.0 70.0 1.82e+20
220.0 75.0 2.93e+20
220.0 80.0 3.03e+20
220.0 85.0 4.43e+20
225.0 -90.0 9.68e+20
225.0 -85.0 6.92e+20
225.0 -80.0 9.1e+20
225.0 -75.0 9.92e+20
225.0 -70.0 1.27e+21
225.0 -65.0 3.08e+21
225.0 -60.0 1.65e+22
225.0 -55.0 4.72e+21
225.0 -50.0 1.95e+21
225.0 -45.0 9.68e+20
225.0 -40.0 6.33e+20
225.0 -35.0 7.2e+20
225.0 -30.0 9.27e+20
225.0 -25.0 9.95e+20
225.0 -20.0 7.02e+20
225.0 -15.0 7.86e+20
225.0 -10.0 7.63e+20
225.0 -5.0 5.96e+20
225.0 0.0 4.44e+20
225.0 5.0 3.32e+20
225.0 10.0 2.11e+20
225.0 15.0 1.9e+20
225.0 20.0 3.11e+20
225.0 25.0 3.52e+20
225.0 30.0 1.67e+20
225.0 35.0 1.26e+20
225.0 40.0 1.23e+20
225.0 45.0 1.78e+20
225.0 50.0 1.54e+20
225.0 55.0 1.2e+20
225.0 60.0 9.53e+19
225.0 65.0 1.47e+20
225.0 70.0 2.06e+20
225.0 75.0 2.67e+20
225.0 80.0 2.95e+20
225.0 85.0 4.58e+20
230.0 -90.0 9.68e+20
230.0 -85.0 7.14e+20
230.0 -80.0 9.54e+20
230.0 -75.0 8.74e+20
230.0 -70.0 8.77e+20
230.0 -65.0 2.06e+21
230.0 -60.0 8.16e+21
230.0 -55.0 7.74e+21
230.0 -50.0 2.32e+21
230.0 -45.0 1.28e+21
230.0 -40.0 9e+20
230.0 -35.0 1.19e+21
230.0 -30.0 8.12e+20
230.0 -25.0 8.99e+20
230.0 -20.0 8.88e+20
230.0 -15.0 9.23e+20
230.0 -10.0 8.23e+20
230.0 -5.0 7.02e+20
230.0 0.0 4.74e+20
230.0 5.0 3.75e+20
230.0 10.0 2.78e+20
230.0 15.0 2.18e+20
230.0 20.0 4.11e+20
230.0 25.0 3.86e+20
230.0 30.0 1.84e+20
230.0 35.0 1.6e+20
230.0 40.0 1.55e+20
230.0 45.0 2.04e+20
230.0 50.0 1.56e+20
230.0 55.0 1.12e+20
230.0 60.0 1.5e+20
230.0 65.0 2.42e+20
230.0 70.0 1.94e+20
230.0 75.0 2.83e+20
230.0 80.0 2.98e+20
230.0 85.0 4.9e+20
235.0 -90.0 9.68e+20
235.0 -85.0 7.38e+20
235.0 -80.0 1e+21
235.0 -75.0 7.6e+20
235.0 -70.0 7.65e+20
235.0 -65.0 1.78e+21
235.0 -60.0 4.67e+21
235.0 -55.0 1.68e+22
235.0 -50.0 3.61e+21
235.0 -45.0 1.8e+21
235.0 -40.0 9.29e+20
235.0 -35.0 1.02e+21
235.0 -30.0 8.43e+20
235.0 -25.0 1.17e+21
235.0 -20.0 7.36e+20
235.0 -15.0 8.43e+20
235.0 -10.0 9.73e+20
235.0 -5.0 8.96e+20
235.0 0.0 6.26e+20
235.0 5.0 4.26e+20
235.0 10.0 3.18e+20
235.0 15.0 3.06e+20
235.0 20.0 4.3e+20
235.0 25.0 4.09e+20
235.0 30.0 2.26e+20
235.0 35.0 1.84e+20
235.0 40.0 1.7e+20
235.0 45.0 1.24e+20
235.0 50.0 1.51e+20
235.0 55.0 1.3e+20
235.0 60.0 1.5e+20
235.0 65.0 2.12e+20
235.0 70.0 2.59e+20
235.0 75.0 2.91e+20
235.0 80.0 3.35e+20
235.0 85.0 5.3e+20
240.0 -90.0 9.68e+20
240.0 -85.0 7.41e+20
240.0 -80.0 1.07e+21
240.0 -75.0 6.47e+20
240.0 -70.0 9.47e+20
240.0 -65.0 1.46e+21
240.0 -60.0 2.68e+21
240.0 -55.0 1.22e+22
240.0 -50.0 7.92e+21
240.0 -45.0 3.04e+21
240.0 -40.0 1.6e+21
240.0 -35.0 1.42e+21
240.0 -30.0 9.98e+20
240.0 -25.0 8.51e+20
240.0 -20.0 1.04e+21
240.0 -15.0 1.14e+21
240.0 -10.0 1.18e+21
240.0 -5.0 1.02e+21
240.0 0.0 7.55e+20
240.0 5.0 4.39e+20
240.0 10.0 3.54e+20
240.0 15.0 3.65e+20
240.0 20.0 3.32e+20
240.0 25.0 4.71e+20
240.0 30.0 2.97e+20
240.0 35.0 2.09e+20
240.0 40.0 1.44e+20
240.0 45.0 1.2e+20
240.0 50.0 1.62e+20
240.0 55.0 9.57e+19
240.0 60.0 1.2e+20
240.0 65.0 1.89e+20
240.0 70.0 3.21e+20
240.0 75.0 2.87e+20
240.0 80.0 3.56e+20
240.0 85.0 5.76e+20
245.0 -90.0 9.68e+20
245.0 -85.0 7.29e+20
245.0 -80.0 9.89e+20
245.0 -75.0 6.2e+20
245.0 -70.0 8.64e+20
245.0 -65.0 1.22e+21
245.0 -60.0 1.91e+21
245.0 -55.0 4.18e+21
245.0 -50.0 1.77e+22
245.0 -45.0 4.24e+21
245.0 -40.0 1.98e+21
245.0 -35.0 1.55e+21
245.0 -30.0 1.43e+21
245.0 -25.0 1.59e+21
245.0 -20.0 1.21e+21
245.0 -15.0 1.5e+21
245.0 -10.0 1.21e+21
245.0 -5.0 1.02e+21
245.0 0.0 6.12e+20
245.0 5.0 4.93e+20
245.0 10.0 4.09e+20
245.0 15.0 3.56e+20
245.0 20.0 4.35e+20
245.0 25.0 4.4e+20
245.0 30.0 2.61e+20
245.0 35.0 1.23e+20
245.0 40.0 8.64e+19
245.0 45.0 8.15e+19
245.0 50.0 1.58e+20
245.0 55.0 1.36e+20
245.0 60.0 1.78e+20
245.0 65.0 2.07e+20
245.0 70.0 3.36e+20
245.0 75.0 3.99e+20
245.0 80.0 4.23e+20
245.0 85.0 6.2e+20
250.0 -90.0 9.68e+20
250.0 -85.0 7.31e+20
250.0 -80.0 9.07e+20
250.0 -75.0 5.52e+20
250.0 -70.0 8.55e+20
250.0 -65.0 1.04e+21
250.0 -60.0 1.72e+21
250.0 -55.0 2.62e+21
250.0 -50.0 6.55e+21
250.0 -45.0 1.17e+22
250.0 -40.0 3.31e+21
250.0 -35.0 2.12e+21
250.0 -30.0 1.3e+21
250.0 -25.0 1.18e+21
250.0 -20.0 1.19e+21
250.0 -15.0 1.39e+21
250.0 -10.0 1.17e+21
250.0 -5.0 1.1e+21
250.0 0.0 5.89e+20
250.0 5.0 6.04e+20
250.0 10.0 4.59e+20
250.0 15.0 5.22e+20
250.0 20.0 5.11e+20
250.0 25.0 3.44e+20
250.0 30.0 2.18e+20
250.0 35.0 1.67e+20
250.0 40.0 1e+20
250.0 45.0 9.95e+19
250.0 50.0 1.37e+20
250.0 55.0 1.88e+20
250.0 60.0 1.67e+20
250.0 65.0 2.53e+20
250.0 70.0 5.39e+20
250.0 75.0 3.83e+20
250.0 80.0 4.5e+20
250.0 85.0 6.49e+20
255.0 -90.0 9.68e+20
255.0 -85.0 7.34e+20
255.0 -80.0 8.18e+20
255.0 -75.0 5.49e+20
255.0 -70.0 7.53e+20
255.0 -65.0 1.01e+21
255.0 -60.0 1.4e+21
255.0 -55.0 1.56e+21
255.0 -50.0 3.01e+21
255.0 -45.0 9.82e+21
255.0 -40.0 8.6e+21
255.0 -35.0 2.79e+21
255.0 -30.0 1.75e+21
255.0 -25.0 1.61e+21
255.0 -20.0 1.28e+21
255.0 -15.0 1.81e+21
255.0 -10.0 1.36e+21
255.0 -5.0 1.17e+21
255.0 0.0 7.3e+20
255.0 5.0 5.67e+20
255.0 10.0 5.6e+20
255.0 15.0 5.99e+20
255.0 20.0 5.89e+20
255.0 25.0 5.02e+20
255.0 30.0 3.46e+20
255.0 35.0 1.72e+20
255.0 40.0 2.15e+20
255.0 45.0 1.4e+20
255.0 50.0 1.54e+20
255.0 55.0 1.52e+20
255.0 60.0 1.78e+20
255.0 65.0 2.5e+20
255.0 70.0 4.73e+20
255.0 75.0 3.89e+20
255.0 80.0 4.46e+20
255.0 85.0 6.66e+20
260.0 -90.0 9.68e+20
260.0 -85.0 7.53e+20
260.0 -80.0 7.66e+20
260.0 -75.0 6.55e+20
260.0 -70.0 7.03e+20
260.0 -65.0 5.65e+20
260.0 -60.0 7.52e+20
260.0 -55.0 1.16e+21
260.0 -50.0 1.75e+21
260.0 -45.0 2.84e+21
260.0 -40.0 8.43e+21
260.0 -35.0 9.32e+21
260.0 -30.0 3.71e+21
260.0 -25.0 2.57e+21
260.0 -20.0 1.71e+21
260.0 -15.0 1.74e+21
260.0 -10.0 1.57e+21
260.0 -5.0 1.24e+21
260.0 0.0 9.25e+20
260.0 5.0 5.22e+20
260.0 10.0 5.99e+20
260.0 15.0 6.52e+20
260.0 20.0 4.89e+20
260.0 25.0 4.79e+20
260.0 30.0 2.91e+20
260.0 35.0 3.02e+20
260.0 40.0 2.71e+20
260.0 45.0 2.31e+20
260.0 50.0 1.93e+20
260.0 55.0 2.72e+20
260.0 60.0 2.44e+20
260.0 65.0 2.74e+20
260.0 70.0 4.02e+20
260.0 75.0 3.92e+20
260.0 80.0 4.68e+20
260.0 85.0 6.78e+20
265.0 -90.0 9.68e+20
265.0 -85.0 7.97e+20
265.0 -80.0 8.66e+20
265.0 -75.0 6.31e+20
265.0 -70.0 5.42e+20
265.0 -65.0 5.25e+20
265.0 -60.0 6.16e+20
265.0 -55.0 9.41e+20
265.0 -50.0 1.09e+21
265.0 -45.0 2.23e+21
265.0 -40.0 2.65e+21
265.0 -35.0 4.83e+21
265.0 -30.0 1.19e+22
265.0 -25.0 3.26e+21
265.0 -20.0 2.61e+21
265.0 -15.0 2.05e+21
265.0 -10.0 1.83e+21
265.0 -5.0 1.72e+21
265.0 0.0 1.07e+21
265.0 5.0 8.01e+20
265.0 10.0 8.2e+20
265.0 15.0 5.87e+20
265.0 20.0 7.09e+20
265.0 25.0 5.64e+20
265.0 30.0 4.64e+20
265.0 35.0 2.58e+20
265.0 40.0 2.74e+20
265.0 45.0 2.67e+20
265.0 50.0 2.65e+20
265.0 55.0 3.46e+20
265.0 60.0 3.97e+20
265.0 65.0 3.34e+20
265.0 70.0 3.65e+20
265.0 75.0 3.85e+20
265.0 80.0 5e+20
265.0 85.0 6.74e+20
270.0 -90.0 9.68e+20
270.0 -85.0 8.73e+20
270.0 -80.0 1.01e+21
270.0 -75.0 7.27e+20
270.0 -70.0 7.05e+20
270.0 -65.0 5.33e+20
270.0 -60.0 6.77e+20
270.0 -55.0 8.94e+20
270.0 -50.0 1.12e+21
270.0 -45.0 9.74e+20
270.0 -40.0 1.33e+21
270.0 -35.0 2.18e+21
270.0 -30.0 3.19e+21
270.0 -25.0 1e+22
270.0 -20.0 6.77e+21
270.0 -15.0 3.98e+21
270.0 -10.0 2.79e+21
270.0 -5.0 2.33e+21
270.0 0.0 1.52e+21
270.0 5.0 8.41e+20
270.0 10.0 8.61e+20
270.0 15.0 9.31e+20
270.0 20.0 7.09e+20
270.0 25.0 9.07e+20
270.0 30.0 4.48e+20
270.0 35.0 3.89e+20
270.0 40.0 3.25e+20
270.0 45.0 3.3e+20
270.0 50.0 3.96e+20
270.0 55.0 3.02e+20
270.0 60.0 2.91e+20
270.0 65.0 3.41e+20
270.0 70.0 3.81e+20
270.0 75.0 4.53e+20
270.0 80.0 4.83e+20
270.0 85.0 6.4e+20
275.0 -90.0 9.68e+20
275.0 -85.0 9.26e+20
275.0 -80.0 9.45e+20
275.0 -75.0 9.52e+20
275.0 -70.0 7.74e+20
275.0 -65.0 6.36e+20
275.0 -60.0 6.99e+20
275.0 -55.0 8.26e+20
275.0 -50.0 6.44e+20
275.0 -45.0 6.7e+20
275.0 -40.0 8.82e+20
275.0 -35.0 1.11e+21
275.0 -30.0 1.37e+21
275.0 -25.0 1.9e+21
275.0 -20.0 4.95e+21
275.0 -15.0 1.28e+22
275.0 -10.0 5.42e+21
275.0 -5.0 3.43e+21
275.0 0.0 2.95e+21
275.0 5.0 1.86e+21
275.0 10.0 1.14e+21
275.0 15.0 1.32e+21
275.0 20.0 1.47e+21
275.0 25.0 1.16e+21
275.0 30.0 8.45e+20
275.0 35.0 3.61e+20
275.0 40.0 3.02e+20
275.0 45.0 3.81e+20
275.0 50.0 4.03e+20
275.0 55.0 3.24e+20
275.0 60.0 3.3e+20
275.0 65.0 3.57e+20
275.0 70.0 5.91e+20
275.0 75.0 5.84e+20
275.0 80.0 3.83e+20
275.0 85.0 5.92e+20
280.0 -90.0 9.68e+20
280.0 -85.0 9.2e+20
280.0 -80.0 9.31e+20
280.0 -75.0 8.08e+20
280.0 -70.0 4.58e+20
280.0 -65.0 5.42e+20
280.0 -60.0 7.22e+20
280.0 -55.0 7.02e+20
280.0 -50.0 5.44e+20
280.0 -45.0 5.76e+20
280.0 -40.0 7.78e+20
280.0 -35.0 8.41e+20
280.0 -30.0 8.94e+20
280.0 -25.0 1.4e+21
280.0 -20.0 1.8e+21
280.0 -15.0 2.18e+21
280.0 -10.0 6.24e+21
280.0 -5.0 1.55e+22
280.0 0.0 6.76e+21
280.0 5.0 4.18e+21
280.0 10.0 2.33e+21
280.0 15.0 1.52e+21
280.0 20.0 1.66e+21
280.0 25.0 9.81e+20
280.0 30.0 1.16e+21
280.0 35.0 4.87e+20
280.0 40.0 5.84e+20
280.0 45.0 6.43e+20
280.0 50.0 5.16e+20
280.0 55.0 3.62e+20
280.0 60.0 4.32e+20
280.0 65.0 5.19e+20
280.0 70.0 5.51e+20
280.0 75.0 7.14e+20
280.0 80.0 3.48e+20
280.0 85.0 5.67e+20
285.0 -90.0 9.68e+20
285.0 -85.0 8.57e+20
285.0 -80.0 9.08e+20
285.0 -75.0 6.25e+20
285.0 -70.0 3.7e+20
285.0 -65.0 4.85e+20
285.0 -60.0 5.13e+20
285.0 -55.0 6.24e+20
285.0 -50.0 5.16e+20
285.0 -45.0 4.37e+20
285.0 -40.0 6.57e+20
285.0 -35.0 6.13e+20
285.0 -30.0 8.97e+20
285.0 -25.0 1.05e+21
285.0 -20.0 1.12e+21
285.0 -15.0 1.38e+21
285.0 -10.0 1.82e+21
285.0 -5.0 2.77e+21
285.0 0.0 6.35e+21
285.0 5.0 1.61e+22
285.0 10.0 5.73e+21
285.0 15.0 4.16e+21
285.0 20.0 2.07e+21
285.0 25.0 1.74e+21
285.0 30.0 1.41e+21
285.0 35.0 6.69e+20
285.0 40.0 8.26e+20
285.0 45.0 4.45e+20
285.0 50.0 4.21e+20
285.0 55.0 5.18e+20
285.0 60.0 5.19e+20
285.0 65.0 5.17e+20
285.0 70.0 6.72e+20
285.0 75.0 7e+20
285.0 80.0 3.92e+20
285.0 85.0 5.63e+20
290.0 -90.0 9.68e+20
290.0 -85.0 8.29e+20
290.0 -80.0 8.42e+20
290.0 -75.0 5.38e+20
290.0 -70.0 4.73e+20
290.0 -65.0 4.44e+20
290.0 -60.0 4.21e+20
290.0 -55.0 4.12e+20
290.0 -50.0 5.15e+20
290.0 -45.0 6.77e+20
290.0 -40.0 6.58e+20
290.0 -35.0 6.34e+20
290.0 -30.0 7.79e+20
290.0 -25.0 7.99e+20
290.0 -20.0 6.35e+20
290.0 -15.0 9.95e+20
290.0 -10.0 1.32e+21
290.0 -5.0 2.34e+21
290.0 0.0 1.85e+21
290.0 5.0 4.33e+21
290.0 10.0 9.13e+21
290.0 15.0 1.41e+22
290.0 20.0 6.15e+21
290.0 25.0 2.99e+21
290.0 30.0 1.93e+21
290.0 35.0 1.12e+21
290.0 40.0 9.65e+20
290.0 45.0 8.97e+20
290.0 50.0 6.58e+20
290.0 55.0 8e+20
290.0 60.0 6.57e+20
290.0 65.0 6.96e+20
290.0 70.0 7.73e+20
290.0 75.0 6.14e+20
290.0 80.0 4.73e+20
290.0 85.0 5.58e+20
295.0 -90.0 9.68e+20
295.0 -85.0 8.45e+20
295.0 -80.0 8.26e+20
295.0 -75.0 5.62e+20
295.0 -70.0 6.04e+20
295.0 -65.0 6.58e+20
295.0 -60.0 5.77e+20
295.0 -55.0 4.05e+20
295.0 -50.0 4.18e+20
295.0 -45.0 4.85e+20
295.0 -40.0 8.15e+20
295.0 -35.0 8.72e+20
295.0 -30.0 8.92e+20
295.0 -25.0 8.08e+20
295.0 -20.0 6.67e+20
295.0 -15.0 8.27e+20
295.0 -10.0 9.8e+20
295.0 -5.0 1.04e+21
295.0 0.0 1.45e+21
295.0 5.0 1.45e+21
295.0 10.0 2.38e+21
295.0 15.0 3.9e+21
295.0 20.0 7.8e+21
295.0 25.0 1.03e+22
295.0 30.0 4.58e+21
295.0 35.0 2.05e+21
295.0 40.0 1.81e+21
295.0 45.0 1.37e+21
295.0 50.0 9.6e+20
295.0 55.0 1.09e+21
295.0 60.0 6.93e+20
295.0 65.0 7.53e+20
295.0 70.0 7.57e+20
295.0 75.0 6.62e+20
295.0 80.0 5.76e+20
295.0 85.0 5.42e+20
300.0 -90.0 9.68e+20
300.0 -85.0 8.89e+20
300.0 -80.0 9.12e+20
300.0 -75.0 6.28e+20
300.0 -70.0 4.57e+20
300.0 -65.0 4.46e+20
300.0 -60.0 4.01e+20
300.0 -55.0 4.34e+20
300.0 -50.0 4.35e+20
300.0 -45.0 3.94e+20
300.0 -40.0 5.97e+20
300.0 -35.0 6.51e+20
300.0 -30.0 7.66e+20
300.0 -25.0 8.46e+20
300.0 -20.0 7.81e+20
300.0 -15.0 7.4e+20
300.0 -10.0 7.39e+20
300.0 -5.0 8.3e+20
300.0 0.0 1.11e+21
300.0 5.0 9.8e+20
300.0 10.0 1.37e+21
300.0 15.0 1.39e+21
300.0 20.0 2.92e+21
300.0 25.0 6.42e+21
300.0 30.0 8.43e+21
300.0 35.0 8.53e+21
300.0 40.0 2.87e+21
300.0 45.0 3.38e+21
300.0 50.0 1.22e+21
300.0 55.0 1.87e+21
300.0 60.0 9.35e+20
300.0 65.0 9.98e+20
300.0 70.0 9.82e+20
300.0 75.0 8.69e+20
300.0 80.0 6.49e+20
300.0 85.0 5.26e+20
305.0 -90.0 9.68e+20
305.0 -85.0 9.07e+20
305.0 -80.0 1.01e+21
305.0 -75.0 5.36e+20
305.0 -70.0 4.01e+20
305.0 -65.0 4.43e+20
305.0 -60.0 4.05e+20
305.0 -55.0 4.51e+20
305.0 -50.0 3.73e+20
305.0 -45.0 2.86e+20
305.0 -40.0 4.09e+20
305.0 -35.0 5.13e+20
305.0 -30.0 6.56e+20
305.0 -25.0 6.05e+20
305.0 -20.0 5.01e+20
305.0 -15.0 4.78e+20
305.0 -10.0 4.23e+20
305.0 -5.0 5.08e+20
305.0 0.0 8.43e+20
305.0 5.0 9.29e+20
305.0 10.0 1.19e+21
305.0 15.0 1e+21
305.0 20.0 1.2e+21
305.0 25.0 2.36e+21
305.0 30.0 4.53e+21
305.0 35.0 8.15e+21
305.0 40.0 1.18e+22
305.0 45.0 7.58e+21
305.0 50.0 3.78e+21
305.0 55.0 2.32e+21
305.0 60.0 1.49e+21
305.0 65.0 1.27e+21
305.0 70.0 1.13e+21
305.0 75.0 1.17e+21
305.0 80.0 6.71e+20
305.0 85.0 5.14e+20
310.0 -90.0 9.68e+20
310.0 -85.0 9.14e+20
310.0 -80.0 9.97e+20
310.0 -75.0 5.41e+20
310.0 -70.0 3.16e+20
310.0 -65.0 4.43e+20
310.0 -60.0 6.04e+20
310.0 -55.0 3.92e+20
310.0 -50.0 2.29e+20
310.0 -45.0 2.67e+20
310.0 -40.0 3e+20
310.0 -35.0 3.2e+20
310.0 -30.0 5.53e+20
310.0 -25.0 4.19e+20
310.0 -20.0 2.95e+20
310.0 -15.0 3.55e+20
310.0 -10.0 4.1e+20
310.0 -5.0 3.25e+20
310.0 0.0 5.65e+20
310.0 5.0 6.93e+20
310.0 10.0 6.75e+20
310.0 15.0 6.51e+20
310.0 20.0 6.88e+20
310.0 25.0 1.1e+21
310.0 30.0 2.09e+21
310.0 35.0 4.24e+21
310.0 40.0 7.95e+21
310.0 45.0 1.17e+22
310.0 50.0 6.54e+21
310.0 55.0 2.57e+21
310.0 60.0 2.07e+21
310.0 65.0 1.68e+21
310.0 70.0 1.44e+21
310.0 75.0 1.2e+21
310.0 80.0 6.64e+20
310.0 85.0 5.06e+20
315.0 -90.0 9.68e+20
315.0 -85.0 9.04e+20
315.0 -80.0 9.36e+20
315.0 -75.0 5.03e+20
315.0 -70.0 3.69e+20
315.0 -65.0 2.9e+20
315.0 -60.0 4.72e+20
315.0 -55.0 3.47e+20
315.0 -50.0 3.32e+20
315.0 -45.0 2.93e+20
315.0 -40.0 2.97e+20
315.0 -35.0 5.73e+20
315.0 -30.0 7.52e+20
315.0 -25.0 5.17e+20
315.0 -20.0 4.97e+20
315.0 -15.0 3.36e+20
315.0 -10.0 5.06e+20
315.0 -5.0 4.23e+20
315.0 0.0 5.37e+20
315.0 5.0 6.53e+20
315.0 10.0 6.3e+20
315.0 15.0 7.15e+20
315.0 20.0 8.5e+20
315.0 25.0 1.01e+21
315.0 30.0 1.39e+21
315.0 35.0 1.99e+21
315.0 40.0 4.44e+21
315.0 45.0 7.14e+21
315.0 50.0 1.06e+22
315.0 55.0 4.41e+21
315.0 60.0 3.39e+21
315.0 65.0 2.36e+21
315.0 70.0 1.95e+21
315.0 75.0 1.21e+21
315.0 80.0 5.87e+20
315.0 85.0 4.97e+20
320.0 -90.0 9.68e+20
320.0 -85.0 8.9e+20
320.0 -80.0 9.17e+20
320.0 -75.0 5.4e+20
320.0 -70.0 3.34e+20
320.0 -65.0 2.49e+20
320.0 -60.0 3.38e+20
320.0 -55.0 4.57e+20
320.0 -50.0 2.17e+20
320.0 -45.0 3.29e+20
320.0 -40.0 3.95e+20
320.0 -35.0 6.11e+20
320.0 -30.0 6.03e+20
320.0 -25.0 3.13e+20
320.0 -20.0 3.24e+20
320.0 -15.0 4.87e+20
320.0 -10.0 4.66e+20
320.0 -5.0 4.78e+20
320.0 0.0 4.88e+20
320.0 5.0 7.39e+20
320.0 10.0 4.26e+20
320.0 15.0 5.92e+20
320.0 20.0 5.67e+20
320.0 25.0 7.35e+20
320.0 30.0 1.2e+21
320.0 35.0 1.34e+21
320.0 40.0 3.15e+21
320.0 45.0 3.6e+21
320.0 50.0 8.77e+21
320.0 55.0 9.25e+21
320.0 60.0 3.88e+21
320.0 65.0 2.79e+21
320.0 70.0 2.41e+21
320.0 75.0 1.32e+21
320.0 80.0 6.53e+20
320.0 85.0 5.02e+20
325.0 -90.0 9.68e+20
325.0 -85.0 8.76e+20
325.0 -80.0 8.37e+20
325.0 -75.0 6.03e+20
325.0 -70.0 2.67e+20
325.0 -65.0 3.11e+20
325.0 -60.0 3.21e+20
325.0 -55.0 2.48e+20
325.0 -50.0 1.93e+20
325.0 -45.0 1.98e+20
325.0 -40.0 1.88e+20
325.0 -35.0 3.13e+20
325.0 -30.0 3.39e+20
325.0 -25.0 3.46e+20
325.0 -20.0 3.12e+20
325.0 -15.0 4.52e+20
325.0 -10.0 4.28e+20
325.0 -5.0 3.39e+20
325.0 0.0 4.34e+20
325.0 5.0 5.07e+20
325.0 10.0 4.38e+20
325.0 15.0 6.97e+20
325.0 20.0 7.24e+20
325.0 25.0 5.66e+20
325.0 30.0 1.01e+21
325.0 35.0 1.42e+21
325.0 40.0 2.14e+21
325.0 45.0 2.26e+21
325.0 50.0 5.19e+21
325.0 55.0 9.37e+21
325.0 60.0 5.41e+21
325.0 65.0 3.03e+21
325.0 70.0 2.7e+21
325.0 75.0 1.53e+21
325.0 80.0 7.53e+20
325.0 85.0 5.22e+20
330.0 -90.0 9.68e+20
330.0 -85.0 8.61e+20
330.0 -80.0 7.94e+20
330.0 -75.0 6.03e+20
330.0 -70.0 2.51e+20
330.0 -65.0 2.88e+20
330.0 -60.0 2.7e+20
330.0 -55.0 1.76e+20
330.0 -50.0 1.74e+20
330.0 -45.0 1.25e+20
330.0 -40.0 1.28e+20
330.0 -35.0 1.36e+20
330.0 -30.0 1.55e+20
330.0 -25.0 2.51e+20
330.0 -20.0 2.4e+20
330.0 -15.0 3.38e+20
330.0 -10.0 3.77e+20
330.0 -5.0 4.02e+20
330.0 0.0 4.07e+20
330.0 5.0 4.52e+20
330.0 10.0 4.81e+20
330.0 15.0 4.33e+20
330.0 20.0 5.83e+20
330.0 25.0 5.7e+20
330.0 30.0 7.31e+20
330.0 35.0 1.23e+21
330.0 40.0 1.59e+21
330.0 45.0 2.43e+21
330.0 50.0 3.42e+21
330.0 55.0 7.29e+21
330.0 60.0 6.76e+21
330.0 65.0 3.81e+21
330.0 70.0 2.94e+21
330.0 75.0 1.7e+21
330.0 80.0 8.08e+20
330.0 85.0 5.49e+20
335.0 -90.0 9.68e+20
335.0 -85.0 8.3e+20
335.0 -80.0 7.67e+20
335.0 -75.0 5.21e+20
335.0 -70.0 2.45e+20
335.0 -65.0 2.31e+20
335.0 -60.0 2.08e+20
335.0 -55.0 1.67e+20
335.0 -50.0 1.22e+20
335.0 -45.0 1.26e+20
335.0 -40.0 1.13e+20
335.0 -35.0 1.06e+20
335.0 -30.0 1.05e+20
335.0 -25.0 1.92e+20
335.0 -20.0 2.26e+20
335.0 -15.0 2.45e+20
335.0 -10.0 4.34e+20
335.0 -5.0 5.75e+20
335.0 0.0 4.61e+20
335.0 5.0 6.18e+20
335.0 10.0 5.44e+20
335.0 15.0 4.23e+20
335.0 20.0 4.48e+20
335.0 25.0 5.4e+20
335.0 30.0 5.53e+20
335.0 35.0 8.93e+20
335.0 40.0 1.08e+21
335.0 45.0 1.87e+21
335.0 50.0 2.57e+21
335.0 55.0 5.02e+21
335.0 60.0 8.53e+21
335.0 65.0 4.66e+21
335.0 70.0 2.88e+21
335.0 75.0 1.84e+21
335.0 80.0 8.98e+20
335.0 85.0 5.68e+20
340.0 -90.0 9.68e+20
340.0 -85.0 7.92e+20
340.0 -80.0 7.3e+20
340.0 -75.0 3.61e+20
340.0 -70.0 2.68e+20
340.0 -65.0 2.35e+20
340.0 -60.0 1.84e+20
340.0 -55.0 1.63e+20
340.0 -50.0 1.09e+20
340.0 -45.0 1.08e+20
340.0 -40.0 1.35e+20
340.0 -35.0 1.16e+20
340.0 -30.0 1.18e+20
340.0 -25.0 1.55e+20
340.0 -20.0 2.28e+20
340.0 -15.0 3.59e+20
340.0 -10.0 5.16e+20
340.0 -5.0 3.31e+20
340.0 0.0 5.07e+20
340.0 5.0 4.8e+20
340.0 10.0 5.75e+20
340.0 15.0 4.98e+20
340.0 20.0 4.49e+20
340.0 25.0 4.66e+20
340.0 30.0 5.46e+20
340.0 35.0 6.37e+20
340.0 40.0 1.05e+21
340.0 45.0 1.31e+21
340.0 50.0 1.86e+21
340.0 55.0 3.96e+21
340.0 60.0 8.12e+21
340.0 65.0 6.45e+21
340.0 70.0 3.38e+21
340.0 75.0 2.04e+21
340.0 80.0 1.08e+21
340.0 85.0 5.97e+20
345.0 -90.0 9.68e+20
345.0 -85.0 7.53e+20
345.0 -80.0 6.45e+20
345.0 -75.0 3.24e+20
345.0 -70.0 2.91e+20
345.0 -65.0 2.33e+20
345.0 -60.0 1.92e+20
345.0 -55.0 1.31e+20
345.0 -50.0 9.58e+19
345.0 -45.0 1.25e+20
345.0 -40.0 1.01e+20
345.0 -35.0 1.29e+20
345.0 -30.0 2.07e+20
345.0 -25.0 1.84e+20
345.0 -20.0 2.27e+20
345.0 -15.0 2.88e+20
345.0 -10.0 3.22e+20
345.0 -5.0 4.72e+20
345.0 0.0 4.04e+20
345.0 5.0 5.49e+20
345.0 10.0 4.83e+20
345.0 15.0 4.6e+20
345.0 20.0 4.13e+20
345.0 25.0 4.79e+20
345.0 30.0 4.52e+20
345.0 35.0 7.66e+20
345.0 40.0 9.96e+20
345.0 45.0 1.31e+21
345.0 50.0 1.64e+21
345.0 55.0 3.3e+21
345.0 60.0 7.34e+21
345.0 65.0 8.15e+21
345.0 70.0 3.68e+21
345.0 75.0 2.05e+21
345.0 80.0 1.2e+21
345.0 85.0 6.28e+20
350.0 -90.0 9.68e+20
350.0 -85.0 7.29e+20
350.0 -80.0 6.14e+20
350.0 -75.0 2.91e+20
350.0 -70.0 3.12e+20
350.0 -65.0 2.37e+20
350.0 -60.0 1.86e+20
350.0 -55.0 1.32e+20
350.0 -50.0 1.17e+20
350.0 -45.0 1.01e+20
350.0 -40.0 1.51e+20
350.0 -35.0 1.84e+20
350.0 -30.0 1.44e+20
350.0 -25.0 1.78e+20
350.0 -20.0 1.93e+20
350.0 -15.0 1.99e+20
350.0 -10.0 2.35e+20
350.0 -5.0 3.56e+20
350.0 0.0 3.83e+20
350.0 5.0 5.07e+20
350.0 10.0 3.85e+20
350.0 15.0 4.08e+20
350.0 20.0 4.16e+20
350.0 25.0 5.07e+20
350.0 30.0 6.2e+20
350.0 35.0 6.85e+20
350.0 40.0 8.76e+20
350.0 45.0 1.28e+21
350.0 50.0 1.41e+21
350.0 55.0 2.8e+21
350.0 60.0 7.4e+21
350.0 65.0 7.57e+21
350.0 70.0 3.37e+21
350.0 75.0 1.96e+21
350.0 80.0 1.3e+21
350.0 85.0 6.61e+20
355.0 -90.0 9.68e+20
355.0 -85.0 7.28e+20
355.0 -80.0 5.87e+20
355.0 -75.0 2.84e+20
355.0 -70.0 2.96e+20
355.0 -65.0 2.43e+20
355.0 -60.0 1.34e+20
355.0 -55.0 1.38e+20
355.0 -50.0 1.29e+20
355.0 -45.0 1.15e+20
355.0 -40.0 1.48e+20
355.0 -35.0 1.12e+20
355.0 -30.0 1.47e+20
355.0 -25.0 1.58e+20
355.0 -20.0 2.28e+20
355.0 -15.0 1.76e+20
355.0 -10.0 2.47e+20
355.0 -5.0 3.12e+20
355.0 0.0 3.44e+20
355.0 5.0 6.13e+20
355.0 10.0 5.39e+20
355.0 15.0 3.21e+20
355.0 20.0 4.15e+20
355.0 25.0 3.73e+20
355.0 30.0 5.86e+20
355.0 35.0 7.35e+20
355.0 40.0 7.47e+20
355.0 45.0 9.51e+20
355.0 50.0 1.37e+21
355.0 55.0 3.25e+21
355.0 60.0 6.6e+21
355.0 65.0 8e+21
355.0 70.0 3.3e+21
355.0 75.0 2.01e+21
355.0 80.0 1.38e+21
355.0 85.0 6.76e+20
360.0 -90.0 9.68e+20
360.0 -85.0 7.6e+20
360.0 -80.0 6.25e+20
360.0 -75.0 3.05e+20
360.0 -70.0 3.01e+20
360.0 -65.0 2.06e+20
360.0 -60.0 1.21e+20
360.0 -55.0 1.4e+20
360.0 -50.0 1.43e+20
360.0 -45.0 1.43e+20
360.0 -40.0 1.22e+20
360.0 -35.0 1.27e+20
360.0 -30.0 1.4e+20
360.0 -25.0 1.88e+20
360.0 -20.0 1.92e+20
360.0 -15.0 2.45e+20
360.0 -10.0 3e+20
360.0 -5.0 2.82e+20
360.0 0.0 2.82e+20
360.0 5.0 4.06e+20
360.0 10.0 5.35e+20
360.0 15.0 3.38e+20
360.0 20.0 3.63e+20
360.0 25.0 3.9e+20
360.0 30.0 5.15e+20
360.0 35.0 6.22e+20
360.0 40.0 7.79e+20
360.0 45.0 8.27e+20
360.0 50.0 9.85e+20
360.0 55.0 2.37e+21
360.0 60.0 5.04e+21
360.0 65.0 7.44e+21
360.0 70.0 3.78e+21
360.0 75.0 2.14e+21
360.0 80.0 1.48e+21
360.0 85.0 6.31e+20
